10000 10000 10000
1028 7525
7117 8505
2081 4587
2704 4894
852 4173
777 5095
328 6621
7045 5437
549 6322
1995 6160
7199 2266
9727 7080
1098 7388
5341 8724
653 5133
6233 4215
9811 9515
507 2134
3533 393
688 6343
1708 9140
8963 1373
3410 6096
584 1950
5308 8031
2583 671
1102 8603
9264 1462
1508 1364
5679 4295
6648 6201
8562 9147
2068 3915
5933 7995
1629 6264
8150 6278
7593 4584
2826 1328
8622 6396
5091 5594
7432 7861
4998 8243
3306 8130
2951 2886
7154 8729
2113 7280
1063 4252
4204 1934
5477 3948
3424 1735
1660 970
7976 2947
5357 1310
4823 3377
7310 1258
8498 5578
7141 6826
7332 443
7049 5245
5554 1835
5518 5022
8755 1824
7906 3422
4592 1974
9954 4442
810 4344
3843 1593
5016 7059
3307 1680
4395 1633
4765 9669
6282 5602
8230 4632
1730 8129
9027 5726
8628 2220
3430 8404
5371 403
9802 5457
9032 4964
9848 8640
7076 2818
5408 2433
8031 2791
6521 5668
1072 1701
7665 2913
3950 2390
8015 3156
3242 3327
4410 6567
9707 7021
8739 761
8084 5665
1585 704
1558 7690
6750 305
3168 8574
828 1630
5556 3783
5070 192
3175 7263
3468 4409
4653 2427
7558 1425
8196 7671
7212 5900
2702 6006
3158 913
1306 2588
8417 2695
2300 8694
2380 7069
8463 287
3621 3522
7797 292
3767 3763
7819 3588
8143 8711
5697 8117
4878 5553
4185 2155
5334 9226
8411 328
7251 397
800 3756
6834 1351
3881 1353
6013 8828
5575 4995
978 393
21 6352
3930 8234
8322 1541
5857 9991
7098 6111
3520 9376
800 8550
6011 2696
6192 614
7950 9890
8334 8828
9598 3760
3854 1390
6522 136
3126 3369
8877 7345
6003 6648
5067 8752
9816 8694
9781 244
5270 1984
6594 125
9585 8071
7109 7893
2593 7738
5373 5095
6092 654
1542 8788
6415 8272
3216 5074
6148 485
7347 6856
5881 6738
1889 400
8012 3520
5080 2450
6293 3677
1387 4781
2046 4122
8483 8075
5215 8868
9937 921
2860 1690
9998 1957
4106 2757
1341 5125
3188 5793
50 2747
923 2265
5604 7008
1189 1266
7240 1770
1302 209
3121 5355
3931 619
6980 821
2851 6784
2351 1847
6127 8295
1298 2886
2031 2567
7352 9066
4915 3650
4727 2485
8410 5942
7374 2849
6183 2760
8055 9731
1555 4021
6210 251
750 6015
6475 2573
4604 5250
1543 9567
2772 1710
9319 2993
4814 2725
2088 9426
5166 9423
7836 8979
2150 3157
6162 8615
3897 1625
8306 6009
1468 386
8200 9443
485 9537
873 25
1178 341
7487 1455
4297 1188
633 3750
5684 7
712 1783
6059 5816
4439 70
6035 4323
4065 59
1157 1527
4757 3784
8544 8998
5882 9813
2549 2151
3825 9333
2374 9752
9634 4124
4091 2023
5961 198
9606 634
9335 3573
8988 4518
5753 2530
496 959
2566 1243
8890 8301
4731 6621
3724 8543
4110 2680
2524 4776
4316 792
1858 4982
5953 8570
3813 6092
3113 5672
7592 8530
9005 8624
2372 9627
7658 2369
4361 1933
9511 1310
8987 7638
5374 8874
6762 3674
1809 2618
2465 2042
2402 2816
3018 7326
599 144
1308 2036
2956 7228
4766 5738
1550 5380
9018 4563
7204 3234
9006 3260
8616 8147
243 4777
3980 8003
3886 7499
3051 7570
9532 3563
7609 4293
9366 2000
2737 8200
3409 8804
9837 3519
5125 3397
6212 845
3276 1552
6752 9599
6064 8644
8036 2523
4826 4575
8239 9727
7539 8173
3136 8865
8770 7779
5554 4079
402 1034
6774 4433
6893 9865
9576 1698
4370 8207
6420 3893
5696 8700
3850 8993
8670 9853
8284 5753
4540 2938
5173 3052
354 8364
3876 8584
9209 2548
5519 5176
4585 5437
8936 1470
3666 360
2072 4675
8723 5339
5498 7998
1629 6238
6809 4600
973 7592
2788 660
5939 8049
8723 3267
7150 2350
2668 4819
8356 8402
7361 4294
9807 9938
2441 3376
8880 3929
9024 6051
9403 7004
8785 1302
5269 6037
2057 3904
2419 3678
4741 5655
2215 1614
9169 2159
2931 7881
3668 2022
939 4030
7458 4170
9270 3558
2120 8618
4579 5620
9105 6601
601 6896
2130 8509
9741 4229
2877 4466
3566 7780
7061 5312
2200 6664
6527 281
1185 8506
9797 3160
6089 8964
5427 9466
5837 3470
4569 4490
2342 6344
8243 166
6828 1888
2519 3116
5847 6041
6189 3235
3028 2988
3400 9619
8123 4455
4710 7714
3328 3407
5986 7882
1002 9063
2803 4914
1413 9491
2937 4660
725 5312
3806 358
4193 3800
4296 5257
3802 7331
2985 8688
2996 4307
3317 9302
5322 6349
1697 1358
781 2351
6806 7485
2145 9599
908 8940
7684 1585
2635 2133
6445 4820
6830 8484
4510 9027
8042 4924
8417 6480
1309 8572
7094 6540
9831 2818
4810 6022
6314 8332
6589 2628
8034 9875
3689 1880
4446 5076
1276 838
9319 539
7136 4984
2130 1728
9072 2553
8031 7081
484 9225
5590 6752
2504 6900
5858 9576
2934 3345
8283 8073
1453 4912
74 4353
8262 6903
2958 2110
6403 1692
4340 991
1032 8547
8022 2893
9623 6816
7131 1323
6498 808
2557 9186
8940 3672
5017 3851
6339 7973
7644 7663
3357 4388
2363 8478
2216 8772
9774 3922
1111 3392
8525 1528
3551 3503
5584 2099
2252 3851
1421 8315
7750 2795
2802 3799
6806 9405
3083 103
8741 2258
4485 2583
3577 7499
4062 1860
8458 7133
7306 2653
4212 9869
8209 6940
7852 5690
2798 2714
6014 4455
2252 6493
5714 8797
6560 8696
3586 7829
9088 6008
2033 1799
9084 6040
9904 9033
4884 9571
6222 6683
948 2971
1892 9994
3034 1204
7332 4255
4759 4844
8393 6874
3159 3515
6386 4922
9144 780
8777 6898
9575 2658
322 4952
9038 5798
2685 534
9483 7248
3746 764
8074 5882
9629 8346
9473 6613
3761 8721
2890 7985
1464 7884
3093 1365
7538 264
470 2126
6308 5259
9806 8646
7368 2605
7005 6055
323 572
1469 2150
7752 4316
5869 6475
767 2190
2227 5807
5597 4248
7444 7929
4641 4745
2696 4601
1556 9732
8023 7928
2461 629
4659 132
3261 5496
7940 7208
5083 88
2143 1524
663 2517
8485 1933
7706 6295
6912 8395
9776 2639
1172 6250
2541 3036
5937 1705
8568 5290
2802 9764
1602 498
2576 5830
6785 2606
8655 1403
2024 69
1239 1281
2289 6874
3480 2012
3113 6365
3831 5594
7133 4551
3295 445
5748 7826
8009 6432
590 7808
9414 162
9344 9149
7619 798
2997 9231
7782 8900
2450 9407
229 2411
8532 6159
5868 8811
9482 954
1553 59
3955 125
6169 4774
1542 6235
3214 7702
142 9373
1554 4412
7321 2753
275 959
1392 5919
7239 1567
2005 2750
3981 7155
9127 9423
1860 7163
6063 1267
8537 2417
1413 4099
8013 3444
8864 7337
3639 3089
3292 1817
3215 4827
7010 502
1891 4707
9462 4772
3533 7814
6458 3644
3541 85
7667 8636
3455 4042
8655 4272
4173 4849
2782 5063
432 4454
9337 5530
5168 7960
5527 4242
6984 1084
4012 2774
7041 8281
8185 8699
2088 6556
3014 9366
1114 6339
3373 8644
7665 7977
4256 3556
3098 9554
4841 8755
3138 4962
1154 472
9191 667
8936 8354
2 7747
4567 5949
4024 6706
5176 6106
1671 2786
1226 8546
8293 6023
2769 5636
4833 8428
3716 106
1633 8863
183 1498
6402 6446
3420 982
4217 4087
5352 4499
1655 6881
1274 5777
9545 6307
9293 3841
3827 6020
3128 3167
598 5421
2080 2524
3010 929
3043 891
1612 8597
4114 5598
3341 2815
9778 1842
7019 2679
5252 9740
4472 1797
6228 478
6109 2014
7714 2923
8238 789
7785 654
3479 9651
3454 527
951 1434
9584 7983
1964 1161
5260 3813
2458 6014
1810 5762
737 2665
3255 6090
8826 6277
7994 6048
8954 8150
540 9671
6080 6862
6558 5133
8850 1093
3672 4367
2982 2229
1685 7275
5543 3654
8540 77
4056 9481
3072 7628
3123 2558
5436 5330
9873 1651
509 4952
3887 299
5213 904
709 5946
7734 8070
7700 1394
1088 5416
2600 3852
2071 6590
7929 876
8342 7661
863 2947
3931 685
9561 4059
3353 3454
5060 8904
9909 8852
3487 7347
3897 1026
86 849
418 7998
5822 8926
870 6693
8404 5444
5120 5288
9674 1610
4099 9849
2220 607
5619 244
9425 6367
7982 4148
8234 8687
8482 2104
5425 1753
3906 2840
6812 4336
257 5313
2896 5752
4893 6777
6154 2248
3197 1179
3470 599
2059 5351
9891 339
9102 5127
9937 2365
2703 5648
4506 6509
695 8730
5703 161
5940 3453
2400 8882
6337 8197
6768 3944
4661 8685
8964 4836
3589 2989
286 6081
3036 1066
86 8375
4060 6916
3635 9947
1677 8526
5358 8549
8660 4410
5301 2717
7180 8682
7527 7493
838 9009
5770 2261
1627 8537
9312 2164
5777 4098
3649 7808
1196 462
4968 560
4376 2606
1528 7786
2378 8814
8362 6449
9919 1256
917 9240
3210 9693
7677 8490
4390 9972
524 8959
9565 3047
2917 4436
3391 1345
306 3153
1905 6085
4662 1410
7112 3687
5265 2113
1567 1720
8600 9657
4504 1561
9429 1044
2433 2941
8319 1123
6794 6811
7220 3615
4951 8571
1897 2135
3225 6875
4560 900
5203 395
3535 1590
689 1441
1347 9679
5585 8329
9224 9362
6544 5978
4738 4603
709 5871
1518 2956
5046 805
2993 2453
3769 4557
599 9018
4604 6715
7867 1512
1536 9071
392 2371
8996 1387
9679 6966
5327 7153
8514 377
6737 9931
1074 9081
9329 4036
2514 1758
9688 6677
3276 5581
1456 5909
2152 7241
3863 3108
9932 6701
8181 8868
7335 6724
8508 138
4003 3726
984 3014
8012 3175
113 5365
1373 8746
3768 6538
3356 6054
531 2398
7620 4880
5405 3980
1290 4555
2891 2054
5693 1890
8791 1416
1009 680
3417 5663
3385 1858
4173 5514
6575 9857
5185 5867
9961 6335
4904 3703
1451 3170
9517 7646
1814 3741
134 2180
3989 8741
8653 2047
4841 3452
9617 3207
6555 6334
8550 5361
3046 9267
2309 3662
7265 5232
878 6991
7229 4221
9711 8781
5859 7066
4244 5942
997 8464
1236 1810
8179 5243
7383 69
9276 9261
9114 9326
6201 3063
5401 6803
6497 5768
325 3366
3750 6709
2385 9442
5904 2263
1245 6203
1468 9114
7537 3082
8709 6457
9219 5937
7069 6601
7402 6321
6492 7186
6929 2180
557 3147
6523 4676
6235 7462
9210 2260
8530 6467
611 2765
1462 1709
3387 2967
4492 5565
3581 2498
8578 1284
9305 1745
1332 9011
5430 3873
9817 1155
2937 5501
5467 2283
4280 5335
5123 8365
2806 8651
1411 9334
3660 2219
435 5385
2138 1127
4997 3487
8668 9013
4071 441
6127 4359
6905 1275
1988 6858
2695 1897
7069 4415
9576 5867
376 2495
9984 3001
3642 4269
5105 5620
4685 2046
5392 1362
9908 7790
7068 7193
5163 3774
6303 1192
1616 8149
6791 1132
4956 7419
5313 7275
7255 1195
9189 3754
2529 1270
9457 5897
8469 6723
9461 7552
6173 9492
7543 6137
8707 3455
4460 4474
7203 8881
4232 1044
6587 8517
8067 5608
6811 6615
5795 3399
9742 9202
7682 9185
1430 463
3336 6201
3910 8455
1965 4256
9274 4824
5152 4109
5599 3496
4854 1295
8299 1338
9143 5887
991 8888
9953 2163
336 6231
4356 8513
5202 9898
364 8318
9412 4524
5151 897
1308 1359
4598 7186
8459 8350
6166 3587
8611 6012
9451 6388
9595 8369
9945 8602
5602 7662
9844 7155
923 4944
204 400
9299 5933
686 174
6420 7832
7760 7904
6926 6916
2898 6320
2643 7636
6089 6976
3931 3859
8122 6488
2788 64
990 4497
9580 7293
6479 8416
83 4759
4792 631
6534 7926
5074 1321
6627 9189
1642 7715
4581 2560
7647 6405
2994 9621
5189 3743
9905 2700
9560 6225
6597 7556
8903 2192
9555 9310
9171 4936
3142 6266
709 6711
6260 9927
5520 5782
3923 7017
2279 7951
8209 1021
5279 246
5306 2589
356 896
66 9510
5967 9041
2968 5056
4647 4027
3273 2053
7817 7849
6085 9393
3763 6318
5646 2805
3234 687
8751 9554
7056 5253
8840 6381
7239 6582
8230 1523
8258 3840
9594 7896
7357 5580
3717 2290
4566 1288
1114 2427
623 7708
5411 5183
1703 7195
5409 4823
931 1941
8005 8224
5844 3622
267 2882
3474 4794
732 1127
1640 5295
2535 1809
2337 6471
6164 7990
685 9678
6380 8562
9038 372
9353 8041
306 1913
8102 3807
2925 5216
5526 3126
6913 9312
9457 2189
5370 7685
1053 3889
199 2852
5070 9656
9205 9035
8832 766
937 4072
5002 8622
1440 9301
474 9341
6388 7150
2671 1882
8072 8366
3897 5510
1123 4854
5026 9633
3040 4621
8636 3443
4643 5236
6911 7193
511 2590
2865 6871
1865 9168
5136 6731
6001 1732
1896 2795
2335 5196
4302 3598
1159 8199
455 9906
3893 6360
4253 4124
3485 5262
8995 6332
1772 31
6646 7836
227 8700
7320 2926
3905 9983
8787 8201
9747 4553
4362 2346
6887 9689
2235 2631
5449 6843
1827 2125
727 790
2594 495
9279 2714
6230 7999
3266 5542
4705 3557
1839 7093
1341 23
2878 713
6836 3506
8728 2604
1514 3750
8925 4440
6755 548
9701 8046
4886 508
1242 4014
4646 1257
6824 7321
6744 7535
7329 5279
8175 2303
6339 1496
4308 6456
5446 4172
5170 9152
4901 4965
8388 5490
3327 4788
4706 3633
6471 5399
8718 1700
7759 9929
2474 7982
5163 1014
1111 486
2190 8959
3284 3838
8306 6352
8940 7098
7440 7626
9420 2743
3098 2742
1541 7037
7204 9883
5615 3775
4036 856
7535 1630
917 9694
2973 5112
4741 7978
5833 8195
9701 5182
3234 3049
8939 7051
1996 5811
9050 5737
8714 7755
5147 853
2344 9657
9870 1710
646 1960
531 4019
307 7372
2439 4645
4733 2040
1975 9958
5211 2215
2653 8756
6572 8123
462 6390
3638 5562
6081 7570
7506 327
3066 8880
3072 9783
9730 7835
3567 4630
7323 9106
9526 7222
7414 9594
2742 2403
8004 3974
7526 2883
5935 2167
9805 6845
2046 3136
7621 4323
8081 6492
9773 8630
2679 3267
2361 905
9695 5040
7868 588
5231 6526
6019 3520
194 8329
6672 1860
5863 6265
9554 159
1290 1055
5839 5250
414 4301
9090 4054
9827 676
9727 2322
3901 7925
3422 9160
7967 481
2227 8005
7992 5227
293 7452
6980 1845
2923 3407
2389 3182
9963 9479
3925 5203
9173 4176
3176 484
2144 9298
3931 8187
635 4206
9155 8362
5025 1780
3724 504
827 8332
4717 602
4735 7570
8729 2643
5705 6815
2828 9181
6526 5649
9796 8402
4397 6077
1389 3224
1276 879
5716 9510
9370 5910
1785 8585
7869 8522
2667 2666
3645 9482
6034 7544
8906 236
9371 6322
434 4223
4866 8788
2619 377
9148 2354
9944 4452
3118 9302
156 8081
9090 203
4492 5012
9262 7235
5800 4286
6538 6988
2259 1728
357 6806
1824 7530
2334 996
8527 8610
714 4439
3779 6617
5227 4843
4150 9343
9285 8148
8177 4394
4692 293
7063 8011
2446 2112
484 6578
3752 455
4476 9242
6681 2124
1566 2954
8997 7997
161 3169
6859 5278
1047 9858
289 1855
7994 5086
1455 4211
645 7292
3682 8868
2434 9134
8726 996
2688 5796
4936 8169
9294 1618
8335 4611
6207 1134
4756 6576
8570 375
9549 4027
7761 2412
220 144
7991 431
7367 8282
4240 4782
6326 1361
5077 3113
8756 3386
9396 8481
6586 7549
7116 7565
2476 3499
168 7627
5898 6002
2257 7363
8857 3601
8267 1892
4587 534
1967 118
831 5330
136 3468
6499 3890
2309 3946
1248 1716
6113 735
7259 9952
5732 2471
9415 6867
4239 2314
334 547
3135 1637
3243 4542
4367 7539
503 2972
8971 5689
217 5470
4916 6888
2385 9711
1085 8906
5615 7066
7856 4604
5532 36
8996 6747
9152 3686
5073 1687
938 3603
5025 8497
409 4630
2428 4460
3401 9549
1919 5170
7594 3697
7139 1243
5076 9948
2287 914
16 4172
1268 8635
6643 7238
1304 2830
7759 8958
2751 7031
6219 7019
6288 3003
8802 8865
7691 7827
258 5510
9974 1476
163 2218
9168 888
1695 7863
2376 6676
2322 317
462 8071
1844 6970
8099 3395
8852 2781
7008 4126
5712 8579
3483 6478
7761 9825
5178 5297
3878 2062
6606 2474
808 3277
2741 4966
1272 1092
4856 9023
2778 4357
3014 7866
742 4212
5238 2429
541 7107
7966 1880
2402 1383
8358 2439
5520 9984
5515 8130
2132 8672
6345 375
1853 3390
4302 1651
7956 7922
1779 6399
8317 6544
7645 3461
4539 7563
5178 7352
292 3867
2148 1628
6996 9326
6644 8965
898 3954
3371 9206
1122 6416
1888 8937
8741 5346
1474 8885
8755 2520
850 5093
8351 9622
3272 1889
5089 1304
1354 8728
8866 9309
6730 5291
2305 2719
7431 4374
3175 675
5816 1084
3120 9043
9493 6520
7915 9161
3790 9059
1956 1773
2181 8989
3923 2973
7320 2047
4973 9946
4410 8483
9047 4888
5757 8595
9766 2117
1413 9890
1381 6144
4114 8110
8425 5276
1166 9534
6296 8404
582 9955
9170 841
3037 2267
3092 5697
2437 6383
7701 933
1750 5495
5340 1886
3237 7450
1011 2549
8021 7701
3722 3124
883 6347
5603 8317
8724 7539
4593 8308
4930 8624
908 1396
4748 780
9898 271
7137 7545
6407 3829
1260 5054
6352 8778
6759 1861
7734 8748
5755 2439
6227 6880
5917 5506
5004 8984
809 243
5134 1352
9785 2918
9905 6822
1800 2945
6062 9446
9688 1743
2973 3477
9023 1604
8984 5458
5003 2070
4049 8721
9882 8571
1913 5166
5245 3076
5178 9453
6244 9198
2838 8807
2732 6006
6308 5735
418 3699
6992 1124
3629 9745
6740 328
5067 9139
8054 6025
9561 5575
4557 4110
5036 8720
9673 7458
6457 4076
4178 285
6801 5034
6016 7220
9130 1999
1771 5490
8561 8826
4074 6861
9329 3834
3352 6628
4722 6648
921 4127
9042 5352
6598 3713
6848 8689
1356 8352
4047 1745
8570 1118
9079 7718
6646 3024
5985 9510
9036 2016
1081 8865
4634 2506
7688 4979
626 6949
2628 224
7290 2892
8428 4115
9756 5319
782 8122
6824 6200
5694 6948
9833 7629
7423 8239
961 4179
7126 8546
9013 9435
5550 9366
4896 8454
520 5499
8068 6897
2010 9163
1484 1730
9622 558
3042 2898
8526 6488
2509 5163
7784 5821
2620 144
6741 8636
1195 7169
2905 5563
3830 9720
6914 1810
6799 5235
4291 3867
7874 7266
3192 6381
2693 9508
4657 2034
6973 2414
9828 8841
185 726
2971 731
4876 6259
6754 3771
2827 4361
8828 7078
1893 7897
7709 249
4876 3209
6329 3107
6878 8017
1313 1099
5564 4431
18 2088
2980 8218
7240 5838
1781 6392
8389 7603
2742 51
5374 8121
7341 656
6022 7032
5338 821
8222 1609
5022 9885
5929 596
5425 3678
493 2802
7059 6862
8901 1981
6978 9690
7765 2608
5361 4622
3277 6029
5393 4651
9449 2055
2576 1398
5921 7055
7786 1641
2932 3814
2665 9458
8789 4241
6620 8883
3372 1489
8788 5905
5886 2842
5173 7404
3409 1442
6455 1131
5723 8227
6789 8644
6403 8386
1719 7402
2170 7261
6301 5599
5417 1506
3529 8103
1331 6777
5901 8874
3402 9546
4997 8454
1430 9216
5418 5831
1498 6954
2040 3388
8353 9833
77 5550
5446 2824
6748 5760
8373 9680
3865 9212
4536 1128
5687 8215
7660 6600
8358 426
9560 9249
8984 2486
2961 7537
5907 1858
1908 2792
5775 2413
6576 6053
3575 2881
415 1172
5526 1560
5061 9262
2397 7968
5163 2171
4010 5901
1083 6991
1473 1502
2371 5311
9273 8573
4207 5515
5720 5133
5334 7978
6748 7410
9589 9950
6850 8836
4000 7245
3805 6542
8677 4279
4250 9832
4141 9797
6135 9842
4124 7542
1610 2007
9185 4009
6662 5443
2355 684
7663 309
626 8808
4739 591
231 6199
7815 5973
4108 3483
6383 9904
795 5880
2527 8615
6100 1467
806 9313
1408 7660
5734 4192
8026 3902
1731 6639
8988 9530
7918 3929
2817 6204
5037 4726
7080 85
9755 4489
9414 8920
514 6512
6523 2671
6239 1011
1799 8320
5173 1940
8707 337
4402 6803
5595 2071
474 9787
2830 5519
4289 9947
8100 1621
3421 513
3139 8647
2744 1163
3984 9587
5255 3929
5023 2825
4064 2552
3550 8716
5499 3764
6436 6822
3286 6835
2569 493
9567 7999
5117 770
1243 9478
7935 7498
5774 9347
3911 7273
7860 9493
7934 7972
9373 5519
1557 9290
9387 9482
8049 2950
6650 5919
2957 6242
3556 2823
4888 930
7715 680
9567 7339
1337 1805
2028 4637
9216 7492
3959 4965
745 7769
5864 6349
462 2298
9313 8074
9872 5079
7341 5263
8453 8583
9803 2565
3656 2700
5239 3033
3616 684
6201 9592
9699 2230
8197 2885
1933 538
532 9293
235 1376
3727 9453
6377 3468
6499 3769
6249 1033
7099 8321
5769 70
2552 4608
1908 4064
4853 1966
3075 222
2016 3223
1331 94
574 7532
9139 5839
8892 7907
7491 8444
3265 3001
4396 9262
9227 6435
4918 2901
7606 2813
1948 7420
4142 8609
6069 6071
8844 7844
652 3742
9248 834
5897 4411
4882 1760
4585 9349
9483 1775
2769 5826
5375 6212
351 1577
1868 1271
7260 9735
5082 5377
6731 6383
5403 4460
3671 4188
5504 2665
7687 7456
3730 7528
3625 8219
7317 2208
5004 6707
7654 5284
3972 9555
7768 6530
3379 1516
5596 6378
1482 4436
762 7931
9305 3099
7434 549
5349 9087
5182 598
3521 6048
6057 8069
839 7106
9414 8110
6066 6623
9811 9887
6066 21
8204 4584
495 1366
147 5902
7132 9482
2227 2574
8258 7124
6654 6318
1006 8399
9058 7395
9295 2804
7250 7625
6373 7159
6380 4043
2853 868
3798 8888
7412 2315
5197 9797
9811 8021
2661 6015
5616 1717
8056 5102
2155 7714
8608 6594
6610 3250
3635 8107
3223 6417
467 3447
7835 3123
9198 8892
8792 2384
2577 2546
5627 7197
5049 8707
885 2387
4502 6058
3533 8545
4857 5086
4594 32
9362 7060
2987 1539
5498 2762
5229 1311
3190 9962
3989 8734
5509 2216
6749 7495
9089 2501
6950 2410
5706 7589
7588 9981
1813 8085
3344 6096
8025 2467
2879 7324
2958 8615
2316 2223
4621 5035
336 696
3757 2396
2381 6333
6747 7071
2301 1010
5322 3834
7222 2167
6909 5362
2296 8970
4403 8816
3540 1327
9624 9999
1927 2696
3400 5465
9200 871
2559 4404
3362 4590
6858 72
1985 5230
5231 5492
4031 4157
7455 159
3111 8259
4087 3131
9401 6589
4532 6372
4217 2713
9335 1976
3757 3550
737 2882
9983 3416
8907 2350
1918 5587
3657 8097
4360 3952
1608 8271
6812 1594
613 3946
3144 8457
5862 872
1060 3615
1532 9601
2536 8192
7649 498
1817 5810
8698 1769
2580 2636
1660 2412
8604 7395
4734 2031
7066 824
9308 3024
7390 3108
1086 4964
6186 4543
8095 9247
4433 1342
8238 5493
3663 6182
1722 2525
9317 1875
2753 7156
9734 5416
2936 5852
9392 48
1521 4326
4096 6446
6369 5150
3512 588
6601 7599
9582 7755
8555 3011
2011 7884
2037 6633
7699 27
286 6301
6952 4492
9499 6415
3967 4420
4689 1969
627 7835
2633 6514
5602 552
2220 2471
1971 481
6855 5438
6887 2191
2582 7901
3110 1953
6093 9532
7978 8022
4239 9656
9878 2181
1955 4280
2582 4977
302 1949
1929 4772
7486 2735
6389 3518
6230 4561
2839 8244
1167 8648
301 4046
689 8727
3666 9089
5507 5301
6903 2136
9642 6487
9528 6205
9345 2596
6041 1066
6633 6563
4132 6049
291 5108
8641 1305
766 1953
1702 2617
8114 2941
1874 1143
6342 238
2844 6374
6696 773
3234 668
1656 3022
105 2883
8954 8831
7191 6404
8474 3738
8185 4236
1279 3085
7911 9486
2404 8102
7339 4635
1267 4318
7459 7123
742 3670
6409 509
3541 9282
8696 6262
6982 3858
74 1622
6310 9510
2135 1317
119 9751
8961 608
3694 6760
5374 6877
9473 5727
7149 540
5122 8338
9923 5054
2694 726
8847 2324
1900 6413
8307 6089
7033 7340
157 2034
5375 768
4775 5692
7745 33
6015 8624
7468 5015
9229 2878
8217 5857
4565 607
1377 1858
4034 7598
4235 7625
7573 3957
6246 4282
6147 4795
9989 3754
2628 3070
9826 5684
3161 5703
4793 9586
5135 5453
3955 9567
4658 8135
4253 8412
3828 8048
2078 2895
3765 5843
4068 4767
6208 1676
4951 3194
314 4351
2707 4610
8984 3264
7156 5233
2037 9742
9762 4728
1796 686
5898 1647
6066 5007
8544 2812
2495 9373
8992 7383
2477 2346
9614 5724
4689 1186
7037 8132
8840 476
1879 8896
1146 6509
2394 9843
9601 5710
8256 9700
2948 2042
2973 7753
6521 8280
9964 3129
7899 383
6699 763
306 4778
3193 9542
4131 6344
9499 5552
6484 6735
30 4270
8604 6984
3576 1490
568 8448
7405 3416
5711 8467
7178 562
6341 3231
3747 6743
9601 3240
5829 8938
3723 5189
9962 1766
716 2038
2487 9892
579 2778
3718 3342
9417 7866
6674 4918
5821 6541
2519 1686
7757 3431
2567 6624
7182 5968
6059 9465
2331 9741
985 6463
5471 5735
1526 1062
1182 159
3925 8215
6819 6639
8325 4389
2849 6594
5949 5940
2629 3995
5299 7575
4305 2233
8867 9717
524 2513
2118 7661
2464 1755
8455 5945
5784 2019
8373 2000
9988 5420
9388 7403
7306 8347
6466 6276
1827 3226
3273 5256
5214 2330
7820 9743
8416 7615
4465 4945
183 3064
3099 4360
7306 2813
8074 6066
7337 5848
9542 5765
6805 4429
3116 2695
7345 9470
589 4292
1530 4829
2223 7959
5279 5700
5136 4173
4507 4470
2735 7604
1497 1814
2255 6052
9067 4148
9947 4442
6137 6591
95 875
6390 2540
3011 9341
1096 7361
4041 1935
7213 5436
4633 8067
4469 5362
1714 6258
9297 1670
9387 995
5811 54
2546 2713
762 936
2087 6593
5039 1414
9865 2187
1696 6507
6401 6916
6217 5560
6276 4505
8686 5282
3573 6648
2067 409
5300 33
2916 8623
3406 8329
6627 1398
187 750
4262 6968
7958 8242
7084 6053
2888 4272
2450 5
9104 1007
5458 5401
2085 7992
6668 4546
6514 8996
8323 9976
8062 2039
6815 4473
674 1918
8425 75
1941 3515
9422 3148
7637 5563
3043 854
9452 4219
1189 1578
2569 5209
8336 9802
3823 8687
5276 9778
4491 9423
6641 6473
794 2451
7320 1
9992 9388
7868 5919
8995 9921
841 4842
1883 8824
4855 2169
3740 2380
5900 7573
23 6255
1498 4517
4580 5629
7542 6175
1220 2272
2092 9426
9750 5012
5770 7676
7401 9386
3734 9170
1123 6835
1790 3325
2206 7878
6041 6482
557 1221
108 6658
8162 1545
817 2922
1856 2705
8963 8898
1588 3329
3696 6942
6429 2323
1726 6741
3370 321
7182 6256
8025 3091
2125 9337
3922 5498
760 2470
1525 8709
1544 702
6942 8342
2445 4735
196 707
290 4953
7960 4552
7731 7438
8344 835
8413 2226
7605 650
9241 5529
2717 9434
355 2266
8585 6383
3006 6767
4186 5982
5103 4446
8485 8089
8335 4915
5567 5013
7490 5608
2822 167
9718 9976
4802 8847
9762 3685
2296 9846
6762 1299
1281 8638
9742 5845
4410 925
306 5914
536 5066
2991 4766
1943 7960
3713 9019
484 4197
9466 8098
965 7527
2759 5382
9021 1066
1175 7242
4123 8604
2299 1090
49 7747
6497 5006
572 4416
538 3199
8746 9551
5768 5057
5276 5962
9593 3724
4470 9466
7169 5995
3338 4828
3622 7002
1936 4439
2686 2023
6174 7334
1369 6910
739 9393
890 9969
5725 8748
9226 4741
4963 5422
9881 7904
494 2946
5819 5600
4056 803
9977 2123
5677 5385
9034 6678
5933 9666
4350 9604
9571 1788
6078 4832
5755 3938
2059 5417
3573 8892
1179 462
2270 1834
9517 452
465 7741
7311 3808
1956 4980
3025 2298
4919 5203
4566 4189
870 2167
9074 6109
1472 178
6252 1306
1589 1915
6263 5641
7296 3847
7632 3195
2660 7924
2165 4192
1688 7911
5084 1985
8928 6448
1208 811
1231 226
2315 5388
3292 8137
2869 2333
8326 6133
8916 5153
5458 1282
4212 2919
5506 8877
6426 1506
2325 5719
3299 2478
7444 2780
6202 5727
2258 779
2139 8925
1316 9421
6530 7645
9950 2800
7541 9770
8321 9667
5427 1275
6994 170
4079 8611
8584 4222
8408 3795
1136 3116
3476 9822
4919 8534
3195 4824
646 3731
2961 9340
616 2781
8597 4963
2614 2348
8045 3020
3731 6025
1660 8732
3546 9367
3397 8224
2890 4548
3067 9273
533 7177
4998 4712
8471 9147
3411 5212
8647 9689
2192 9386
4439 6976
8238 1150
8121 4582
5540 2155
4027 8964
8509 7520
5847 7344
2082 6705
1207 7891
2836 2036
4815 3001
2571 6364
2422 7420
4928 8546
5830 1211
1671 7293
9232 7307
6039 9571
8694 3004
5221 6495
3648 8643
3723 973
6752 1636
4151 1547
6056 1327
9690 7852
8997 3322
9991 967
3540 5617
5920 1241
8592 4391
9302 7086
7235 2530
8666 3648
1192 9782
299 5239
325 1724
3963 2408
3220 7549
1940 296
9473 1001
4609 4530
89 8331
8054 9106
8384 6963
7463 98
6759 521
4970 5366
1999 4077
4817 137
5547 4660
6411 5306
6603 781
5610 1497
6028 5648
92 4791
8752 7591
3462 3050
8842 2225
4172 5845
7763 2184
3420 994
8475 5062
559 5692
3713 797
1830 5308
8916 273
39 3165
8172 9926
1665 3254
8994 5656
6718 5934
5067 6443
3719 4143
6005 7114
7462 3449
3630 3171
1632 4117
4469 8723
7021 8481
6578 5797
1820 6558
8023 9181
6470 7061
5 3794
180 8849
4822 7148
9105 3378
2805 9937
8715 9795
6329 8145
4919 9409
5553 7307
8387 1041
3080 5185
3098 1010
5503 5412
3950 6543
8477 3382
2311 9396
8515 7679
2045 8334
7632 831
9824 7918
8372 4496
6442 9983
2087 8823
3193 1161
1177 9931
4479 4723
9354 2415
1254 7842
8040 1466
6884 717
2401 4862
7385 9339
4445 3148
5958 2859
7643 4428
7733 1125
5845 5092
3608 8983
9395 7515
7535 1139
4765 5855
4033 2412
4912 6763
3140 245
6567 2543
1076 5790
3442 1988
5538 4195
4808 4542
3742 1615
4820 646
4344 3605
7638 9567
8744 8445
6246 1325
8677 6062
3759 580
683 2146
9639 9979
1492 9547
7091 6955
3728 6200
6879 9839
1398 9417
9753 1890
1081 6083
8597 7443
880 5616
2574 1120
1378 2743
8574 2203
7845 9257
1678 4771
649 2409
947 4707
2343 3432
2951 6917
4240 8164
3887 7529
7663 857
8060 6968
9354 1544
9081 3132
8011 7337
8923 3000
5247 8171
4460 277
2979 6365
6243 6615
5955 8321
532 8956
9341 7494
6301 2534
8659 1014
3037 3694
3687 7934
380 6246
4863 2917
2626 297
3544 7619
9082 3140
5654 5868
4314 4492
8285 3749
1552 91
4560 6756
1458 605
5634 3814
884 7757
3117 1230
3312 320
793 6279
3083 8566
6827 9575
1301 765
1718 101
9199 1818
7069 9350
6621 2191
6440 6958
3351 9001
3392 3884
4840 6212
8289 7077
8063 6984
1818 4154
8835 369
8801 2590
4178 461
8368 1034
9612 9202
5472 6836
3414 6815
2748 6281
7991 9647
8795 8386
9447 2962
6506 3497
6354 689
9173 7736
3409 3243
5081 6546
9836 5952
7906 9960
7192 4645
8100 8763
9931 2691
7928 1859
4525 216
8166 5464
63 6909
9566 2175
5856 6972
3356 2311
257 4452
2466 1836
5392 2874
7665 9618
7784 5130
2333 1535
2194 7841
4182 2159
5429 4834
309 1489
6033 235
3404 3508
4742 3676
6512 8347
8400 272
6712 2734
3443 6088
3937 4885
8512 5046
3808 2468
4660 8937
3002 3401
4589 6614
698 9830
1597 2570
745 7149
4117 9985
357 1020
188 9797
2073 3877
1308 711
6660 6003
9728 3614
2719 1244
546 5980
693 12
2073 1975
4027 8465
6876 891
1489 3187
26 217
141 4424
8086 6096
899 8204
3404 3805
9726 5355
583 3443
686 4136
4180 4532
222 2467
9984 5315
9441 5099
2892 1684
1062 7375
3522 9281
575 740
601 2971
7762 8555
774 1664
2031 8895
1562 1268
7426 7541
5241 54
9796 1019
4710 2923
5084 710
8257 9535
9073 16
8307 2272
2925 7406
8035 54
8039 2719
1069 4368
5101 3990
5190 6954
1375 384
8789 4588
1150 4641
2950 2326
1893 4265
4395 1654
7018 3614
1587 9220
5101 2651
9475 2066
7598 6961
279 9133
1784 5649
668 5214
9123 8541
8646 535
4920 8774
4653 6662
2710 5951
8538 8141
7178 8479
8582 4472
6405 1741
2739 9589
6603 9472
142 3525
7653 8267
3266 1458
4319 6942
8950 4442
8629 1004
787 5310
7721 6877
6732 4370
675 6094
7710 6523
7771 6752
344 9165
1203 9214
3135 2807
8816 4125
3190 7854
7537 806
400 9361
4884 1749
8702 6676
5819 4377
9059 3642
4284 7667
8368 1999
1348 7734
4677 6122
4695 4061
4228 6210
9556 1337
2963 7251
7956 5440
5711 8485
1760 6915
8613 4635
1046 5463
833 4529
8001 2754
4650 4742
7938 735
9641 3859
2977 5139
3003 8206
7713 9385
6688 6646
2256 3544
1306 116
2063 6890
5292 8572
3823 5835
8058 513
4748 9119
6937 9205
3625 7694
7470 2626
1401 6085
3547 1102
9267 3182
9149 137
589 9270
7490 5581
380 3173
1522 4320
5139 5766
4048 1091
2158 749
1728 9168
5433 2178
3210 1620
7395 2453
7190 1883
7791 5534
5331 9547
5874 8615
7519 9586
553 8287
4717 2819
788 6806
9628 370
6605 4487
1303 2325
4571 4582
757 4685
7484 505
1449 7552
3832 791
5557 8975
4581 4102
499 3013
5938 1209
7692 89
5672 1053
8667 1764
9725 6257
3358 9509
824 5240
5598 2896
2406 2094
8298 9759
9153 9984
9301 6356
1214 8937
8118 6496
9634 445
6877 3531
9831 5213
5254 987
7015 2646
9753 7971
9723 3631
3548 2664
8113 1007
7469 5430
3352 754
274 9866
5474 9725
9972 6006
4389 4858
3181 8618
8476 3017
2451 6408
9796 7706
3791 7366
4956 1077
9657 7999
205 4144
633 4304
4235 4588
7620 6830
7074 2892
8227 4161
4963 6509
1730 6171
5446 9352
4169 4636
2269 8466
2825 2425
7722 2034
8451 5549
3379 4045
105 7780
6790 2283
352 1909
8169 844
5489 9957
1508 3121
102 816
1320 2613
8003 4565
4841 8456
45 4363
8707 9067
2818 7623
4775 4650
718 4482
8379 1949
6830 2956
1902 604
140 4927
8978 2402
8746 2344
8879 271
3138 3409
4355 2439
2566 1524
7711 2096
6432 260
6133 6872
9793 5491
9680 4652
9221 2049
4379 9533
7658 7530
2830 7885
6204 7134
2850 6976
564 7224
5794 1980
1105 4593
5621 3452
2430 5416
8950 6412
6292 1134
3099 8621
54 6470
9787 4582
3316 5044
6193 3463
1419 1330
7648 1330
4642 42
6470 9911
3785 4784
1021 4988
3203 7436
4476 2296
111 5012
6254 8226
3956 8006
748 337
8574 2748
8090 1318
6961 3756
3516 1377
4792 3996
2026 7921
68 8629
1217 2880
9183 8378
2486 8296
6760 6675
1805 5996
1865 6740
8799 668
2663 1025
5840 6593
5213 1646
9003 1993
869 1847
1391 8605
6395 9655
1310 5676
915 2682
9635 5611
3156 4681
8910 281
1772 6299
4064 3864
4003 2158
53 5783
9995 3295
8009 1067
4673 588
2026 2535
8152 4914
3275 2690
7096 2072
8484 7136
7288 2028
3672 3442
5130 2489
35 7950
1332 4436
7042 7228
9544 9407
2919 8968
4718 5030
2111 9404
7157 3230
3765 7705
6982 6728
4736 6582
2533 4259
2864 7726
4791 2158
8600 6171
4536 5460
5564 9252
712 2331
9264 9935
103 1831
7272 5869
2186 1735
9702 2400
7462 7370
5299 5173
8207 2534
573 7337
4881 4567
4649 8213
9764 5706
3696 8482
5531 1106
4242 526
1213 5683
8396 8373
4545 5902
4557 6355
8381 8090
774 7309
1305 8224
5951 6506
1341 2563
7457 3938
1579 650
1203 9631
6202 5534
7656 5621
3548 6013
3084 2023
2147 2775
8638 715
3890 5874
3838 4799
8497 5216
8521 6759
9542 6164
1503 3365
1254 6548
7940 337
5650 909
8528 1724
1820 6707
8245 8225
8266 3194
5674 1030
6499 4706
5055 5802
9227 2847
3164 5967
5516 4250
4482 7792
1499 90
5268 2548
9129 5744
8173 9111
4649 2467
8884 8039
3616 796
7394 8261
1125 3728
1716 2422
8494 6918
7655 2303
5301 6750
4271 3393
4480 6600
8073 2546
2266 4416
3089 2607
8481 1367
8904 5562
8940 13
9126 5933
6111 4551
790 952
3159 3327
9152 8359
2418 4160
8051 8660
4231 4280
536 2808
3493 8064
8831 4368
257 3202
2207 3230
475 7015
5406 7249
5455 1426
898 972
2228 1111
6125 9607
8841 9711
9743 6820
2250 1347
7983 3933
715 5595
8352 1004
5213 3806
8927 9044
9267 3711
9622 4094
2425 6024
8904 4706
3235 7460
7815 8041
728 9441
5534 6525
2316 4722
4960 9753
7638 8090
6753 5937
4352 9325
3221 3283
5876 4865
7494 9918
7850 7300
6426 6534
9374 2468
9061 5050
9280 5124
3098 4956
4326 9942
1374 54
5444 1797
8122 8337
4260 227
158 5098
9755 3410
4762 7306
5253 9789
5426 5465
9658 9663
9253 5994
1901 7459
9531 1343
799 3627
1239 8826
2716 2775
6717 1765
469 1743
8079 8480
385 1030
9352 4345
3843 1701
5406 4133
9146 1579
9720 1965
3129 838
6922 2845
7651 6778
1729 3509
9870 3186
2636 4467
2425 6019
5764 152
322 360
7922 4268
3764 2637
277 5228
370 3242
1240 9274
8061 1105
1939 23
1508 9519
7212 6357
6218 4526
5831 7061
8044 8728
4787 2274
6142 7899
2610 9174
3840 4576
7965 9347
9293 9018
615 321
6985 1625
4515 3666
5133 7037
4044 6354
3425 685
2409 8408
1291 4656
2294 9762
8233 7010
3764 4414
5847 5103
3592 5751
7291 3365
2907 8217
3266 4382
1974 4808
9940 6812
2770 2755
3580 4809
140 7521
7782 902
8827 5087
6205 7862
9043 2512
3285 984
7604 8646
1935 6477
7339 1927
471 831
5544 141
2339 4268
8385 6937
8590 8433
6460 8345
8444 2075
8149 3303
871 8854
4852 4607
6615 4551
8777 2534
3629 3304
7280 7361
4353 1168
6661 862
6946 4606
5053 4345
4242 4708
2406 4318
6569 730
3922 470
1991 6583
6313 9056
4046 4869
4147 1193
4106 4422
434 7141
2815 5099
4419 955
4085 379
4931 5866
5237 4474
6800 200
3438 8575
2966 3026
6352 7735
5982 8486
9669 4270
458 9395
4346 8371
5253 1848
8722 9096
8184 6004
8723 2935
2040 256
1830 5281
4931 1361
9745 5893
3734 7618
100 37
1394 3847
4003 3166
3038 6427
3440 9974
3230 8568
2533 6967
4584 9309
928 2339
5741 3722
5543 5982
5474 8432
4854 5069
4155 832
5406 1686
560 6847
6256 6497
837 3550
4695 2479
1368 412
3300 8049
9229 9738
4186 5103
8201 3097
5086 9092
6633 2745
5615 9579
6685 9613
2171 6673
2298 6524
6394 3017
4772 6984
4931 9269
5227 1808
2044 7028
500 4439
716 7321
6227 2992
1373 6970
1635 4939
9037 7710
5803 5286
4572 3608
6621 1922
1876 4138
6856 6555
3041 9472
9713 2932
504 1167
3905 5051
3642 3510
5667 1495
8180 1031
5724 2410
5167 8102
8729 3854
6444 3001
3315 2443
1777 5118
6925 7815
6282 5656
298 9443
2274 2551
3702 2918
3767 2362
1250 5153
3674 3415
1411 2961
2909 8163
1156 4681
8249 3092
6827 5100
290 8417
8185 1610
5791 7721
5145 5322
5898 1246
5723 1889
3172 8607
691 9770
3431 9313
7810 3135
5951 1058
1217 2535
2497 2155
8115 6282
3479 4943
7215 8
7642 9914
677 4244
4785 6606
2319 6553
8770 2111
9794 1487
6578 4129
7741 9072
2217 5235
5368 5713
6554 2098
3262 8505
8529 625
9895 1340
8679 3666
6397 4175
8997 2208
5389 6157
8865 9917
4570 5119
1911 3736
6272 7259
513 6939
98 8548
9857 5898
9555 9411
6724 6452
7237 4989
8206 3410
5133 449
5774 9207
4017 8883
8308 2427
8142 2473
6370 8541
1712 6960
2959 8048
8098 7080
4582 5350
4937 218
6268 1251
7855 9459
7453 6009
3624 1571
2779 5269
3742 2013
7798 445
3031 375
2572 6944
7905 7143
6972 7069
7748 2374
3379 5627
1863 8262
1469 6907
4461 7010
8908 6935
9230 8575
3431 4324
8563 9670
5169 4001
727 9601
4902 9297
9325 6953
4774 1889
6798 1035
2703 8031
3201 5403
5690 3959
8760 3485
3248 9447
2886 3194
4891 7050
2180 5375
6334 936
6490 9814
5593 1711
4237 2847
726 2892
9516 4087
2551 9243
9778 4282
5895 579
4346 4558
6925 8426
8007 5639
4506 6434
8224 6164
8299 8518
1870 4541
5481 8703
9866 6878
627 3661
7405 2164
6548 9899
8658 4510
3072 6342
1808 165
4350 2973
7101 1022
2408 575
613 8990
3534 8638
2966 9154
7487 5591
1282 5652
4186 5937
2750 1743
7489 3173
4135 5315
3516 7196
5141 7279
5951 7181
5466 3288
9634 3276
8714 124
6894 1373
100 7261
7395 8024
8533 2237
5254 1959
6124 5050
6001 2405
9144 6969
6708 6204
8790 9113
3254 8263
9266 7032
1528 9018
5853 438
7855 3576
5628 79
5954 3163
4933 2898
7214 2426
7433 7484
5021 3267
6793 2709
2739 7416
8671 3621
6108 2664
2705 7876
2126 9322
4768 1218
5188 8657
6109 9943
3423 9373
6053 1954
6693 2513
4533 5866
5519 6485
4281 7450
6262 8042
8105 9080
8579 5013
9504 2591
1871 3901
1924 4996
4978 4934
9781 4179
4681 3402
5637 53
8143 9033
7305 665
7738 9345
4674 3033
608 1991
6437 1524
4932 3045
6683 5318
7181 7027
2204 9682
7537 1792
9236 9702
6220 2262
503 8405
9986 1603
7966 9592
2037 3943
1968 4386
4344 968
9436 5146
2868 4704
2456 9779
2357 4409
3756 3616
849 6106
4164 5271
8102 2030
6867 8572
3424 1514
6638 6953
1808 7385
5190 4461
8098 9989
7004 8704
2959 3187
9905 2550
4487 4041
2795 4955
8950 1559
5652 2971
2581 6784
7574 8494
6836 2919
6621 9886
9295 7811
6716 1073
6302 8256
4108 568
6899 2227
7257 1400
4086 5229
543 3670
6397 4378
4108 516
8757 2460
4495 247
4958 3284
6 7059
9973 8796
9346 987
4309 3604
78 1098
3872 5245
2672 3997
7185 4633
3397 4076
9927 9972
4857 8809
5747 8034
1765 5871
4752 4532
3062 6326
1850 5348
9819 9272
2399 5348
7928 8609
4152 3933
2381 2924
4538 8002
3187 1424
6470 5413
2849 898
9151 666
3353 6022
8294 1685
4419 5412
3162 8883
5045 2092
6380 8423
9014 4929
807 1661
8700 3604
5032 849
9431 7373
5812 4488
7601 2692
2581 1453
989 647
987 5850
9645 3488
2182 5336
8798 7036
4679 1786
8509 4854
7708 5557
2331 561
9070 8229
4336 2437
7085 7958
9825 2632
7885 1900
6838 6775
3335 6077
43 5620
609 476
6910 5117
1226 3017
4143 5682
2769 4022
620 5123
5302 3254
5955 9883
5809 1452
9765 9308
5927 4230
9578 3480
1938 2432
7799 7542
3577 9633
5289 4466
3910 2287
9898 9114
6440 2760
666 3126
2321 2214
8348 8311
3965 3928
470 4100
6493 6121
7157 639
3557 4893
4156 9397
5719 6439
6123 4754
5292 4932
2383 7216
1108 9180
3379 8319
7905 3453
8938 5878
5313 361
8293 9043
785 3643
5407 8695
8736 3659
4308 9689
140 4063
2286 482
4136 9672
3145 7827
4356 2234
3047 6679
2859 2278
1667 3348
983 4602
9034 8610
3461 8829
9537 758
9493 4336
3704 4201
3930 3998
7222 3836
7112 3246
3858 4656
9667 3302
5013 7927
7892 8577
7751 8137
31 7127
1607 8037
9906 9175
4565 1128
420 9846
2050 6621
147 2601
4081 5119
8381 4907
3292 3813
7549 5991
6470 8661
1499 2766
305 7267
2581 4506
6133 7396
9947 9346
9631 54
6028 3303
9198 9181
8736 7876
1752 9136
836 2602
6964 1367
9740 1406
1720 2966
3454 1621
9866 9300
5232 4757
5754 9216
5038 1812
1960 8780
9341 7373
1035 663
9738 1504
9617 8368
1897 3560
7868 658
8921 5631
8455 6569
3797 1664
8766 905
6994 445
3195 850
1096 6069
1613 8398
9012 7843
332 4227
5418 5378
1912 8754
2330 9366
7796 5873
948 6624
586 1260
3572 4944
6933 9137
3325 9589
1301 9015
4184 5960
7869 307
2180 8690
5366 689
173 4614
8914 9361
2438 7744
8490 4220
1860 8282
6007 1262
9278 2545
1905 8818
7719 9395
4690 2002
1809 3399
2617 3469
7293 4689
5416 2004
9874 266
8342 373
9158 2083
6705 3273
7284 5429
483 9498
5185 5207
3537 137
2015 8580
8332 1524
8821 8394
7415 4755
5706 1780
6817 6476
3264 161
5971 9286
9989 1296
7586 2009
3182 552
196 6607
8588 8317
9528 8054
8790 9349
9411 9806
8445 2117
6401 3742
6731 5035
2618 4697
4018 1540
920 1257
4115 1008
7207 1478
1857 9727
3911 6864
9526 8680
7643 201
3392 8746
1448 3935
3107 9475
6993 8500
5944 9027
6001 7694
9946 4391
3018 1907
1513 2798
1799 1322
7464 3389
2253 3241
4059 4703
6667 3167
6914 5315
6990 6594
2483 8556
7468 8401
1338 3189
1640 4146
6087 7447
1444 9247
8013 5201
7957 4501
7784 1645
5496 9436
883 5434
1084 1456
8058 6208
3702 4857
1005 8356
807 6956
3435 6623
9484 7535
8970 170
4238 5319
2368 3164
3871 4771
9908 3756
7947 3795
7232 3947
71 159
6466 7678
9013 5485
5617 8969
5537 8563
2658 806
3947 9469
7324 6895
1596 2733
428 4747
7833 4711
4143 4095
4743 259
5652 2872
3313 1407
9208 1547
4312 9664
4488 8564
355 9710
9608 4578
3704 1400
6569 8362
4512 2910
1562 4480
486 7308
4927 6184
8197 8784
4590 4997
45 1301
721 1483
6935 4093
6327 7518
4740 8748
8 9510
9934 8779
7912 320
1758 9722
3388 9032
3980 8832
2961 3906
395 7909
6077 4726
2417 634
1378 9314
1783 6781
6459 8267
5527 7631
5044 9850
1017 6195
2473 930
8866 816
6194 428
6934 1166
8357 4826
7044 3883
1896 6821
1746 1763
7863 2776
7552 8573
5158 5172
3785 62
5674 355
2681 8255
9226 1245
4792 445
7586 7502
4076 6475
874 4394
3039 8537
6110 5741
5088 4041
2570 1075
8358 8943
7069 4144
2671 4810
1376 5691
7300 7089
7107 2275
960 7705
713 4055
7265 3700
78 5452
1160 7640
9382 4593
1947 2631
9382 4353
5601 8040
7312 7229
7936 8255
8465 3974
1606 9272
6693 7296
9145 1963
6275 9771
1458 7523
8350 9068
4896 4528
5534 1723
1226 5915
5127 2514
6612 1544
7485 8407
307 472
1967 2784
5666 1172
5159 3619
9761 6316
1717 806
7670 6446
4605 4607
1239 6364
9073 750
7640 2363
8560 8266
9738 493
5834 1406
8044 4140
5088 884
5504 1162
6999 503
8889 8818
2530 6411
5632 3015
6678 1635
8015 4351
6276 9709
429 6756
305 1729
8233 564
2883 6029
1671 7114
7967 305
3611 3512
4417 8306
1052 1326
4333 8666
2425 9387
7036 6658
6723 6191
6170 6439
4511 7853
7085 5268
349 4442
6694 7621
5298 3378
4792 5250
3530 4726
1094 9039
6820 1270
2530 3670
4097 567
5301 649
3069 7627
7875 2981
1268 2063
9512 2892
87 9408
8999 7785
6396 3178
2338 839
6129 9829
2503 1415
622 3663
5028 2482
6946 7388
3292 39
4202 1401
9707 4971
3881 6704
177 4701
2077 4681
1428 5675
7344 9577
2871 2446
8995 8420
3461 9110
6950 4965
3271 4531
3787 3046
6469 9287
8150 2989
1134 8879
6334 1498
6778 4637
2670 9270
3454 1144
974 3385
5059 3321
4792 9015
4519 9975
4633 2941
9565 8100
689 9041
7898 2489
6144 5087
8616 9989
597 8519
856 4511
1895 3471
7742 3732
588 5924
9442 1281
1866 310
7956 9770
5101 2753
5931 3543
5296 5877
8787 352
267 9046
4738 8342
7979 1592
7932 7072
7615 7881
2360 3688
4853 2173
8812 2905
3618 5658
4268 5367
9111 3611
4908 6491
5392 872
9704 7130
6531 768
8608 1435
1583 849
1023 5305
1319 991
9716 8057
8932 3592
4467 9595
9105 1027
793 7907
6405 5985
2453 4087
3321 7059
4231 160
1563 2420
755 3730
9118 4466
1229 4699
3675 6899
6352 8702
7416 8022
7705 7633
9673 6501
8352 2143
1946 6060
271 6762
6944 8908
9262 6946
5549 4521
1015 5617
4349 9250
8327 870
511 4559
8985 5083
2080 863
2694 7096
3205 1321
7075 9033
3136 1499
1769 4621
4717 420
8133 658
5415 1013
2921 453
8273 5837
2000 7308
563 9901
700 9645
5563 4040
1767 8928
7662 6315
6048 2914
5418 6436
5543 8792
2857 450
3461 282
2880 4262
1980 4635
3230 6337
634 4671
8022 2619
4122 72
875 9107
5504 7447
6527 7594
3437 6
8416 3679
1480 2922
8064 800
768 6675
2604 1101
9151 170
186 8026
2197 3625
8859 3563
1526 9034
8004 6390
1807 8602
7219 9010
3053 3954
4672 5647
1088 5504
7127 6762
1530 2098
4807 8880
9755 8879
9165 4690
1316 7052
4124 8413
1140 9484
5540 7858
224 1521
627 2506
9356 9888
9660 8334
4753 243
6590 7865
7832 8188
3030 3388
4316 6394
3011 926
3477 6942
1775 3834
7994 8548
881 4951
8298 4834
2924 1083
4362 64
7947 2942
4487 3453
9140 5043
9454 5145
8034 3444
3636 6748
6933 1831
7656 6195
9678 8618
645 9687
6635 8736
2636 5557
3841 8236
553 1320
4792 6447
8595 9795
8091 9948
6417 3472
678 1789
5212 2508
5557 6306
6127 7490
4042 4373
9830 608
3798 2973
312 9110
2765 3414
5110 5869
3568 307
2314 2314
9198 3387
3333 1212
344 8785
6417 5987
7796 8214
2758 9777
4466 6460
2750 3142
2641 1469
322 9451
4206 9001
8685 2906
7580 982
4643 8185
7622 600
2393 176
2071 5847
601 7815
2609 4377
4347 8405
8948 7592
3385 7017
2461 8971
736 1358
7526 4010
2462 268
7540 7095
4389 5539
8731 36
9294 1229
4453 3099
9194 5452
4260 5714
9627 329
1792 2323
4346 310
8128 1471
5153 3535
7884 4083
2016 4721
598 1630
1953 6226
6003 7364
9511 8217
6831 3370
1484 4890
1719 6106
8938 2129
2513 6407
2922 8460
6280 2909
5046 3507
3289 3342
1265 5864
2874 9353
1905 1233
1206 4071
746 4960
8133 5169
2328 5011
9449 3052
5842 4658
4638 5370
1898 4617
5064 748
2165 1337
6622 3834
4954 4001
8765 5620
7478 6110
6173 6992
155 2926
1427 1122
8565 9644
4228 4036
1448 8267
1575 924
2121 787
4524 9052
3399 2753
2006 7050
1361 480
5264 5632
2759 8274
5629 5698
6355 828
9022 5960
4602 4158
5800 593
2858 1615
2591 9364
4062 1484
246 1459
8603 467
8735 9341
5608 1067
3280 5149
4524 3368
5088 2494
6889 9462
4027 3893
8009 8030
2694 50
7055 9283
1870 3719
2235 4248
7469 71
7447 9362
8424 8812
6187 6289
3548 9259
1246 7123
4420 272
3643 931
8927 3892
512 9867
2477 7777
9037 4278
6802 8682
9675 7574
9950 6091
4929 8847
4215 1552
6644 8117
5038 563
603 134
8027 1707
9786 2815
7018 674
1999 7509
692 8016
3069 166
5095 8163
4506 630
5751 4626
1016 8941
1376 1973
2108 8094
8645 6311
4374 4386
9044 9460
5942 8881
671 6678
3334 2019
72 2588
118 1618
5498 8617
8836 9012
6436 3048
9149 6478
5758 1777
5659 3529
4713 4355
7013 3309
8122 5968
2954 6311
2924 447
7379 3911
9695 3405
4222 7790
2539 1803
8758 2422
7005 6513
1506 1408
1995 1655
3426 2822
6112 1581
3421 2340
9668 7465
4576 1715
3815 4592
6929 2696
5229 4212
1055 8621
815 3443
5657 6392
7991 3511
7774 6478
2423 9681
1262 6909
3566 5840
9335 2549
3763 5757
2542 8805
310 6238
4882 2288
519 9716
841 5701
3233 5559
3400 413
331 6227
1655 3452
8535 7176
9757 9043
9867 7824
249 5854
658 4861
4042 5801
7739 723
4887 5260
4636 4934
7418 9152
4507 5670
935 1952
6229 966
1109 5095
1539 1950
8733 1206
4826 5922
96 6119
7789 8766
8347 5190
6719 157
9531 5323
6752 6900
7050 5566
4649 4204
3698 7848
6657 3872
4364 7298
5034 9202
8489 7038
6353 64
3669 2994
2516 6448
26 3419
2204 4273
4113 9732
7678 4769
4477 4891
9050 5842
508 9141
3731 5339
9360 2541
8739 3281
9927 3452
7322 3984
3574 5363
3531 7579
2061 6128
6993 9376
6894 1922
5818 1559
7738 752
2356 2613
2191 2523
2253 9891
7852 6042
6239 8986
9554 3200
7637 3240
9114 4723
7393 7559
7550 2405
4544 9784
7235 7594
2587 309
2530 5811
4109 1909
900 3254
6763 6598
7569 4127
6651 1863
9994 6815
9864 1610
7936 1198
8987 4333
596 4820
3107 1211
9912 1952
2181 9555
6422 8979
7908 4649
4710 6934
6000 1708
7301 613
4525 7221
5097 4078
2006 5549
5525 6667
2429 3388
5949 9863
1527 6987
4386 5254
4830 3331
419 2074
1300 6407
7856 152
5853 8814
1725 7532
4513 6392
552 1767
1411 2035
7566 3327
9007 7465
5989 5771
1504 4020
5775 5837
3666 5195
950 937
7997 1519
5965 3155
2277 8778
1374 3863
2220 2748
6380 2463
1893 6704
9526 7006
862 9487
15 1796
4968 8697
2871 233
925 6325
7122 7235
8957 597
4062 4431
2184 1959
5875 7175
8745 6606
4800 2820
585 8605
7395 6061
8243 5980
9985 3796
1932 1550
4626 5804
5615 4435
9843 3231
2548 8334
7998 262
800 690
6637 2585
4486 2779
7045 3005
8256 6528
9896 1464
6598 3323
9351 1682
8087 3039
1341 9641
7781 7937
9970 5275
9334 4251
36 1959
4094 6350
9353 5845
1836 5978
3035 7554
6133 3362
9901 7852
7477 7029
1057 4121
1066 1760
5998 3896
507 5866
4707 4777
8988 9441
6649 6798
9728 538
7961 2506
4776 290
7600 133
6724 7820
8702 8093
88 7339
2816 3154
2586 652
5332 1879
3877 7948
7072 4258
4093 3249
7970 6238
7278 1592
1740 661
2977 8241
3330 2663
9054 1258
7431 2579
2363 5735
9268 1460
5294 634
3205 251
4339 157
576 1612
396 9832
7285 9889
8598 294
3076 9798
8138 8348
6545 9284
752 6302
114 5170
5490 5777
1068 639
3977 5049
429 8866
6143 1111
646 3859
9346 7631
1830 6386
4182 433
7996 9449
4670 1277
8474 1155
6455 5887
2253 8425
7295 4780
3344 3576
234 1502
8740 7769
7668 2065
7561 7341
3187 7686
7486 5831
2164 8557
1555 7033
728 3987
8525 9393
9192 6895
7578 7560
1037 7483
7508 2861
5208 8261
3412 1408
1089 3525
4243 7948
1787 5958
3875 9634
8460 5110
2204 3467
7648 6985
5526 7837
7212 7205
4722 5151
2272 6414
5539 5076
5771 3265
9097 2053
4517 7806
1603 5672
1075 8716
9734 432
6963 9271
5696 8261
3373 4908
6172 3491
4070 9106
3551 4025
6040 4952
3371 5176
294 9708
44 8600
8752 1622
8347 1855
7464 5146
1522 7626
5558 8726
9757 5048
4630 3218
9873 5986
1495 1856
8874 2409
7014 6692
9563 7015
4964 1172
8702 7824
1955 9190
8425 7229
9098 6450
8341 6779
9900 4224
8576 247
9863 6899
6094 1387
1623 9755
8919 6865
2770 9400
6878 8827
473 6521
4929 6653
1391 9799
8811 2215
9455 7447
5477 6312
6260 1741
5453 666
3221 875
8354 4472
558 8664
7341 2138
5250 1081
103 9798
9370 738
1878 6111
6996 7251
2033 5313
6828 3767
7673 3194
4141 7993
8736 1519
5402 8938
1297 8979
8853 857
114 9892
9118 1273
2138 2738
3565 2611
9848 5513
8539 684
1 2953
5873 6096
5415 7692
6827 6378
9074 9526
3874 7571
3437 1789
3868 2329
1245 2688
4207 2880
3470 9167
3040 9369
6867 1673
3882 3025
6974 8141
4365 6128
5363 2632
9709 6846
3520 9654
232 5615
5229 7039
3368 6154
1221 2134
2820 135
3252 5221
2649 187
9906 3201
3976 7694
3982 9023
8443 6994
4849 7868
3973 8821
9802 1138
2488 6806
7781 904
9491 9075
2439 2432
4154 5042
6136 5973
5267 5951
7269 6887
4972 9542
4235 2032
669 8435
3570 9389
8973 7103
385 6169
3537 7665
4254 3187
3401 7957
7937 7676
3865 7458
604 6653
5075 9763
3078 6383
1029 698
1887 8221
7907 6100
5536 4982
8628 2183
3607 6986
9773 1884
728 2419
6358 4517
5426 178
3400 1108
8600 1978
762 99
8455 5489
6500 2816
9831 3901
1498 1599
7733 4633
7318 4261
5908 6660
136 2257
1400 6610
3877 2177
6571 4050
6843 5653
5456 6215
7377 4365
2147 6224
3319 3711
7456 3118
6798 4830
7067 8922
9518 5874
8106 5886
896 2640
7318 1748
7693 196
6193 5181
3501 977
6863 9399
1788 6659
5112 7996
8306 2248
1765 8223
3948 7386
9523 3246
1074 437
5128 6577
1265 1049
2987 5980
6387 9972
7174 4217
6092 7814
8405 3279
4525 3696
4683 7461
9488 7963
8058 5007
5191 960
4747 5567
8616 3908
8209 8424
654 345
638 4028
935 306
3613 1659
559 9741
1019 215
2751 9597
2753 469
346 6700
6717 705
5291 4511
274 6922
9311 461
8928 8964
7402 9140
4555 4297
2487 7392
6933 6839
6508 1096
6912 155
2971 2068
453 3541
1178 164
8253 3140
2848 5849
5355 6547
168 3155
7712 3383
4931 3477
1372 2339
7913 7151
1490 3984
40 1912
4293 548
5313 8907
3889 5113
9902 1974
4694 8666
6343 2935
7314 586
4426 7405
2778 1071
5769 1672
9380 8213
7740 9195
484 4055
7849 5294
6783 4522
6670 9461
7478 9047
7472 7288
3656 6928
2225 2645
1687 2121
1102 739
982 6114
1020 4479
3129 5957
4319 3905
7458 674
2539 6855
8728 2381
9484 6129
5958 1234
2127 6931
9314 6999
5845 7839
313 4673
4664 6320
1371 9131
8784 7703
4767 9980
7820 6327
1654 9127
9334 5957
8478 4453
5977 1644
477 9622
2790 8206
687 5431
1905 3089
6129 8338
4355 6299
1537 9063
329 1100
9919 9806
8065 7781
4783 7355
3009 1554
3128 4113
6164 5516
8556 2638
3144 8774
7458 7592
8382 835
115 9680
9889 9596
2916 2271
8961 5040
4251 8039
9895 1858
5864 4910
5609 9086
6164 7019
651 9179
5909 930
879 8884
3211 7551
4669 5475
410 6154
657 9825
894 2439
8684 8276
4787 6566
6499 6514
1231 2309
7737 1187
3308 7638
8032 1416
8784 4007
3723 1287
1467 6529
8489 1580
1357 515
807 458
1592 4019
1518 2647
8931 6877
1090 6691
7413 9751
1619 3130
954 8244
2482 9819
9653 299
9315 3599
4893 2797
2846 6209
1061 4720
5937 810
3960 4138
4935 7693
5248 3567
4988 785
8895 7397
9180 8101
14 7560
1707 5251
4153 3453
6873 4565
4550 6864
3206 2884
2487 3859
7734 1485
3843 6059
8343 5986
8269 1385
6326 5632
2255 9687
7850 9705
7685 8922
1201 4953
2324 397
7087 5451
2199 931
4175 2519
8442 8499
9769 4138
2945 5580
9144 5265
8888 2808
9961 1095
8802 2496
3821 5598
3964 1994
9368 4333
8230 2630
3462 1368
1426 6584
2203 5048
2706 8137
9755 9597
9561 2609
1913 6859
9736 8869
8202 8334
8011 6130
3350 4780
3472 3871
7465 5143
8828 4950
8345 3436
5649 5023
3126 9913
5894 7105
5992 2199
4593 7547
3945 7306
7126 9907
9671 5668
6665 2839
3750 5020
6494 4613
5314 7652
8422 3651
3093 9858
5741 7443
3694 7036
4318 7173
9810 966
101 7813
5590 2889
5555 7495
3859 3577
7175 7428
9724 1239
7607 1676
9889 1086
7450 1892
1790 8
6739 8178
5076 6305
9738 6427
1131 6460
9004 1557
9299 2999
7676 1293
3827 4461
2571 6757
3185 760
4925 1415
9608 2965
6850 6138
9661 87
5070 9224
947 6685
203 7163
8514 9981
635 6683
191 640
7043 618
6949 4738
4049 5533
6310 9014
5222 773
8772 2746
9376 4707
145 7795
3332 4921
7717 2029
2135 4994
456 1693
7287 7262
5399 2448
4097 6126
3622 7674
1075 9694
8684 6722
6576 3669
6771 5069
7045 9633
8383 9057
1060 1364
9406 6770
6467 9748
2334 773
5220 8454
8818 7102
8639 6325
1761 2254
2530 1465
760 387
7511 2498
9452 4645
4105 8744
5132 4384
1617 5296
5164 5331
3729 3600
6474 3426
5323 2333
6674 2821
1421 3680
4285 3838
8065 9844
4035 4718
296 1884
7144 3796
9557 162
8567 9319
985 9238
9773 555
8165 7914
1032 4767
8715 9295
8920 280
4333 5586
475 9273
6755 143
7012 1415
1829 3088
6470 5978
5037 7354
8212 9631
9755 9004
7130 4513
2629 710
2287 697
7074 4284
9617 8803
5182 6270
5855 6194
6516 7381
453 6287
213 8262
489 9731
7112 4542
2861 5747
4504 3303
9896 5586
3067 4084
7767 2763
6484 7977
6834 3496
3902 3248
1971 9148
538 7832
5952 5780
575 9100
1436 7768
1652 3938
3483 7707
5768 4486
4790 7538
9266 6412
1190 2242
3672 2604
1056 4783
974 6400
6148 9335
4022 5943
7183 1183
1091 3653
1688 6665
1398 932
646 2996
9531 2262
5024 2044
1095 1948
2811 9953
8449 118
871 1655
3797 7051
4603 4387
7540 5047
194 5470
7058 3641
4896 7736
7173 6074
7450 2028
9297 9996
5426 4734
3461 8851
1352 3377
9456 3860
6060 2338
1495 8678
9686 5605
9345 3949
6326 6479
7144 4817
8036 9426
2969 4028
338 2810
3926 3812
5098 7412
6103 3148
5181 3116
6637 1093
5544 6622
2732 4522
6633 9807
9953 2913
59 8247
1312 21
4395 1258
2017 5681
2280 9444
2440 1645
6940 9292
5728 2589
8064 9187
9069 3550
8870 5216
6059 20
4628 6870
3144 456
511 6862
7226 4269
5111 8598
8773 8204
4327 4091
4649 4180
5182 5898
6244 1485
248 9465
3921 140
9748 9107
4860 1416
4981 5182
5443 6273
3235 2949
2929 7453
9999 8705
6327 8265
5691 7856
2355 140
9931 8429
23 789
4458 452
5201 5800
5715 5452
6137 1823
9745 1029
6020 9305
8527 117
2204 2986
4207 6927
4516 5857
4032 3747
4094 8988
3461 8555
2934 8698
1661 3456
3085 8428
4870 8161
7949 3400
5759 6453
5480 6568
8505 1942
1001 335
2364 5960
1613 3907
4966 6336
1804 4807
121 8721
7247 1182
4482 3790
7346 9694
5751 5915
7051 7421
5474 1484
7350 9309
4262 5190
357 9680
2884 2825
7839 2686
8950 4577
1461 5072
4823 865
2709 290
811 8133
1452 2435
2165 800
3619 8592
7720 850
2226 9934
5247 4453
1953 3405
1370 7976
2496 9455
509 2792
8016 69
8413 2765
9204 1581
3730 4092
7566 2568
2083 3521
4163 5722
4422 3898
9849 5038
2909 5824
1376 216
5348 8613
6646 4398
3235 4401
7504 3326
3057 6982
7292 5624
5492 8755
573 1208
4978 9080
9919 9026
6685 9261
4501 6360
9807 8588
3397 885
9297 1369
7829 1762
5103 2551
9678 5030
7171 3615
5093 3090
9508 2439
5299 1797
3480 6647
4552 1911
2769 7686
1542 8676
68 7468
8616 1186
6279 7412
5728 3838
7529 6751
8757 5524
4205 2244
5472 2755
4751 4614
4490 9571
1575 1051
5243 8022
4190 3958
8548 5506
5638 5609
4253 4875
1800 7689
8026 4396
8639 1906
5155 7677
6868 2897
3726 8049
9493 207
5323 5978
7992 4938
9735 3414
5110 5694
2312 3857
245 3969
6192 2555
4445 284
6201 1757
2144 13
1633 3431
4019 8723
659 8792
584 7324
2217 9894
8450 1935
3281 7105
9775 3438
5460 2151
4004 4504
9850 1354
3614 3203
730 9502
2289 3085
3051 6717
4937 6877
8233 2780
4879 3168
5793 2259
1507 9919
7420 7145
7417 559
5186 6922
899 3697
8219 9497
3007 7554
9946 1978
9228 8234
4289 3916
3409 9413
280 5691
5225 7401
1015 850
2154 8489
4691 95
9186 5969
6768 3929
9911 5665
9697 5681
6673 3872
4287 1737
7226 1760
3339 2634
2472 4220
5195 9468
3691 943
6965 116
712 5168
7373 5086
2634 4474
634 5822
1215 6479
3825 6312
9860 3045
1762 8322
6561 3598
5798 3482
911 5448
3694 4832
9089 5912
395 9124
570 4012
8513 556
1923 6701
6105 9551
8517 7048
8644 3339
2814 1346
4602 2844
1556 4437
4695 4498
5933 7387
7445 6820
7980 2187
9401 7459
4676 2395
3268 6123
8298 2198
2258 1925
7346 366
1280 952
1972 1346
4300 3510
3546 1453
6802 1165
7466 9902
1137 1660
259 8095
6247 8692
4847 8565
1368 1918
8224 9595
3379 5355
4164 6164
7241 6219
4853 5757
9457 3971
3774 7842
839 8717
3443 3643
6767 294
3331 738
5112 8530
859 334
8119 707
4068 2391
3654 4285
6430 5135
3959 1898
3982 2001
191 3083
2182 6522
1152 8325
3747 1976
1458 9300
3790 1889
9123 7722
9772 3004
6007 7046
2805 1359
3791 9628
852 8113
2051 8533
3355 9518
4985 3498
4632 4355
9819 3854
849 3264
7278 1937
5783 9650
3674 9974
2211 2756
4762 2377
423 9924
8053 4902
7447 9287
3485 6232
2463 9831
5966 2971
5494 9371
5527 7909
7914 5190
9137 4702
972 3450
3935 8900
3223 4035
1641 7500
3846 8579
4328 2759
1418 410
8442 2720
3787 1139
277 6527
4404 9969
614 65
8751 3357
7385 428
4277 8556
5469 5117
8901 6768
5213 1834
5136 3240
6020 9802
2493 4431
8709 3787
7326 1049
1709 3796
9970 8742
799 4231
9026 7935
3603 9925
5215 9332
2545 2450
2028 70
539 7679
8055 3867
567 1895
5561 4301
6179 8313
9266 5159
1410 9852
7276 8134
1750 6816
6167 6148
8395 4689
9520 2211
6041 2128
1374 2468
6594 3513
6851 5795
8885 7429
1101 5047
3137 6243
8886 1707
6842 2973
6665 8395
8317 8944
8892 20
828 3476
6537 1901
178 2833
8491 8179
6308 8485
3382 2117
2191 9841
4075 618
1487 181
8386 6928
7292 9517
1633 9927
4757 736
1869 6159
363 1272
9694 7157
2049 2104
7269 4319
8434 816
4997 9479
2120 9662
3330 5584
1371 9216
7535 9378
7997 5822
1676 2784
2502 2913
6319 9870
8510 7696
673 9123
2047 8529
7351 8512
3589 4783
5150 7843
1182 4416
4638 7908
2375 5578
4671 9157
8206 8855
6661 4790
3479 5577
9172 5802
6535 7517
5770 2248
3754 2068
7850 1339
1508 8940
1246 5142
473 5757
325 4564
6174 9822
888 8928
1736 9759
3151 6573
8937 8047
8873 9288
8843 4825
4401 5039
6485 3801
5612 5801
8087 169
6061 859
3683 4769
3204 7788
1793 8170
7895 2016
7477 1833
9335 9028
230 967
3007 8406
6125 5471
3882 8658
1990 6495
3546 173
7219 3738
1369 1199
5933 5319
5978 2999
2002 7956
4231 2153
7300 7896
2960 6476
417 5076
2577 7596
1364 7839
3398 274
7089 9894
9919 4525
5565 7603
4919 8857
7800 9045
1886 8736
9624 382
4867 5008
5473 2519
8417 5852
7958 9019
5815 2064
4317 6129
617 4399
7313 2246
3506 3592
6867 3805
8232 9081
4621 4965
4309 8630
3995 3845
7079 8431
5886 6433
2397 1300
5380 4891
4242 5234
8818 901
6450 6044
7340 4605
7539 4237
9975 9622
9297 49
2336 2132
5652 2026
9041 99
6897 243
5066 5636
8219 4381
1255 675
7373 8433
9627 3625
5931 6173
4230 68
814 6395
9368 6747
3432 1168
3789 2551
2777 4910
5172 7389
3547 1175
7194 6881
895 93
3075 1857
6939 8555
2952 8947
8347 5304
5407 9198
6636 3569
8955 1473
77 7297
9360 6195
6643 8782
415 2165
634 458
1864 6259
2714 3377
7979 8763
8259 1495
5703 614
8960 4652
5833 8212
7582 2204
5055 1589
4478 6075
9680 2718
4946 3390
382 9363
6902 3833
1673 2818
6591 7986
8870 6018
3000 3707
123 6333
2727 5611
9720 3886
1558 6438
5255 4053
2501 5879
6495 7106
7490 2732
8631 871
1659 8901
5756 2973
7330 489
1167 7251
4359 9985
4453 9564
6687 8876
1687 5826
1548 1991
5358 1781
1324 5614
1439 3327
7418 5894
3630 1513
5552 4878
3941 6059
1367 8169
2956 5627
1688 9958
6147 8052
8046 3458
6983 4397
6827 4688
3973 463
3334 7987
6903 7644
5769 6923
3175 3393
4300 3269
8785 3670
9 2952
3014 3863
5483 3224
8965 8275
8203 9438
9596 2887
3747 4980
5472 5163
1966 734
5078 6045
9383 9140
6304 198
1003 2676
2107 813
6514 9949
7344 9452
4158 1747
813 7029
7448 2939
8082 511
3043 3693
9768 5275
2052 408
5815 6921
6066 159
3071 2615
688 6499
4768 3742
2504 8682
6906 6966
6395 8454
5926 504
2032 420
5432 5538
6974 1925
2579 4964
4849 8219
4152 4037
1793 1183
7437 836
9431 8287
6590 4076
8196 3935
83 7785
5641 8919
3673 512
7286 1574
6154 3542
4398 7624
6280 9071
5557 902
8487 7217
9071 6821
2380 8650
8191 2083
7322 7426
2908 7898
5852 1538
5244 629
9896 667
7509 9723
9421 8756
9597 8378
1333 9682
6243 8100
6907 6785
9927 3873
6786 7045
1697 3800
3583 5295
3683 5572
145 1475
7288 7634
7478 7171
6686 8857
3666 1197
374 6422
6735 6081
8294 8486
6723 7211
5439 1468
8961 7589
2727 7247
4779 1548
7352 3463
5477 1568
1475 2338
5475 4756
5752 773
1579 1014
5775 8152
7574 4945
7112 3310
8461 6028
788 2978
5449 8613
5048 3211
1084 1226
5041 9220
7437 6871
6026 7405
6894 9162
3930 6799
3040 7554
7724 2555
4633 4194
7188 26
2291 2334
7027 7084
4872 8163
3991 4019
5155 3605
2765 667
1843 8455
7201 5667
9802 1302
6977 7378
5143 5945
8488 4094
4595 2061
8929 610
4029 378
3523 6083
1295 5731
7600 6644
8466 304
3929 5669
2759 6352
4380 5645
6994 3873
8885 957
905 8395
8139 3126
1586 6155
6492 5968
537 1260
2478 1819
8793 2604
3325 2356
4484 7415
8530 8717
5553 4771
3378 7042
3353 1661
7379 7966
5916 8613
4284 8845
9292 7319
6595 192
2124 6419
4430 7269
6863 276
1814 1457
707 8664
7360 459
8120 1979
9666 8780
8071 6995
5109 3977
5736 786
8911 9222
7171 8000
955 3430
528 8147
5156 9880
8481 8663
6885 259
6813 2766
554 5175
271 4993
3593 768
9910 7196
1288 2986
2791 5479
905 4331
1414 45
1927 567
2976 4454
9335 7316
8161 7149
9331 6909
885 9653
3160 1934
226 8455
3340 356
6803 9081
9354 6703
9089 5726
1623 5920
6925 4633
3648 24
3368 4820
6443 1170
8803 6483
5386 8715
4187 9506
5341 3844
3650 209
4915 2311
2757 145
9882 1465
2889 1446
8729 2883
773 8872
5968 2174
3679 8759
5564 114
8149 9850
5564 1483
3052 1229
6348 9577
2059 914
4958 6861
5918 6211
1579 7255
1541 2952
3202 7773
6471 1494
9113 595
3597 3091
449 2326
7079 206
44 1444
2515 1507
8470 2565
3304 7702
6331 8062
2520 7903
3246 2254
5152 2689
8325 8309
2357 2856
2552 4322
7920 2304
4439 9365
2411 7558
3355 2412
189 3818
7067 3354
3026 8659
2648 5929
4387 534
4774 8440
2425 2312
5485 5567
2941 2444
7235 3530
221 8322
816 8729
19 8590
1839 4979
2363 6086
7552 319
480 8131
1604 6529
42 2325
2594 7024
2783 7098
2702 1232
7949 7374
8571 5171
8378 6209
545 9597
1017 9614
3295 6792
5953 1245
5895 4028
1364 515
7817 1171
2666 237
1843 1733
7995 809
3163 6493
4437 5736
3863 5215
6867 6122
6991 1970
2788 3805
9057 6536
6402 4151
6608 7765
5007 4084
4774 7540
6880 7235
7858 3726
5944 6564
8744 174
4612 5357
8898 7188
1326 1675
5895 959
2260 6511
9639 3547
2053 2961
2274 3271
5510 5701
7466 4472
9824 2025
6521 6908
7696 8431
430 4854
822 8852
5297 8123
5394 778
2917 7595
23 5207
1502 6356
6206 8462
7263 7672
4335 3371
9981 9163
1551 9320
9809 6508
6529 5884
3357 9986
2537 5608
6799 79
8655 8196
7746 3761
6521 3744
4354 4685
8425 1073
3492 2913
3867 3238
6722 1982
1916 6988
267 1422
2008 6542
4332 7947
6123 3179
1217 7871
6274 1379
8475 4176
7074 6237
3320 1678
8277 5453
7560 5076
3848 7099
1010 2275
7055 9270
2765 4880
203 5445
1761 9690
1948 6470
283 1822
3506 6467
2467 2689
4216 3600
5993 323
9885 9348
1352 7164
364 5371
2758 3215
47 5894
9462 440
529 8052
6031 7385
4647 7601
8080 613
2668 8786
8020 2012
6986 9121
684 9955
212 1611
9381 515
4393 6298
3059 4022
80 5722
2071 5352
1620 8971
2283 8215
7961 7423
2044 3235
5039 3509
8002 7043
4821 5585
8847 689
1381 2341
2991 1893
7760 9217
6012 5659
2708 2190
2316 9144
5008 7881
7381 9681
5746 2187
6808 4576
7480 725
6554 1349
6359 942
2600 4863
5989 5882
5955 8468
3570 7177
6986 517
6622 8739
1268 1917
5725 3795
5573 8653
828 7693
852 2622
3499 846
5182 6089
2867 4777
9458 5382
9880 1167
7504 8053
7316 2129
1776 2713
3022 8194
782 2890
2634 2456
5586 7354
3369 7461
1485 2528
4483 116
4020 6632
9403 5763
442 5433
3053 7013
9523 3952
9238 792
6317 7054
3182 8149
5506 6496
8218 9381
6211 9593
4465 7423
2939 4480
4569 280
6193 537
7194 1186
5202 5410
555 1405
194 2010
8737 3492
3998 7716
8191 3204
1193 2465
1432 1295
1891 1503
9551 111
7119 6498
9220 3517
5906 9056
3135 2291
9961 9185
8066 870
4417 891
1861 6856
4316 8986
4938 2875
5753 1355
6453 7466
303 5972
4725 8896
1232 2212
3762 5552
7469 110
4942 8373
7056 9545
4832 8626
2735 2354
2066 3004
8820 9343
829 9662
2568 9574
7409 7882
4240 6805
7949 7382
9559 4537
1677 989
896 6931
4543 6361
3760 3947
1468 1884
7159 6706
5516 3450
5036 4478
1683 7374
4369 2429
6385 4072
1430 5922
2384 2573
8370 4718
9614 7809
9809 7988
5884 1711
1937 9420
4864 613
1081 5166
5784 3891
4128 4796
5440 360
5432 9033
1987 9489
6521 4118
4282 4220
1400 1485
3995 9998
9726 9910
9980 7198
7204 965
7763 5763
4977 4327
7315 3872
3963 6394
3107 6418
5892 8020
8223 1542
1471 8386
2846 4575
4905 7019
3746 3978
4748 1144
5571 4107
85 5620
5487 3930
9204 9315
7825 6504
4813 4320
7663 4281
4531 2288
8854 1181
626 2401
5581 5258
3637 8136
8449 8250
1690 6413
4981 4518
9141 6576
8982 9426
354 4751
4088 1193
406 1844
7525 9049
990 8429
661 2407
1435 417
4595 826
8266 2887
5204 1284
1830 9295
9908 9733
746 8411
7181 9812
4198 8476
3106 5145
1832 8273
724 1591
6931 1838
4280 9191
9852 6035
935 1892
5380 2694
5597 2079
6398 9181
8770 9929
1666 2035
9294 3515
8730 9754
7828 201
9077 9179
2385 5483
9695 8033
1239 971
4456 3808
2126 9167
1095 8069
8952 1787
7211 4929
7384 6316
519 1576
4982 4754
7152 9586
1785 9766
3337 2708
3572 6811
2675 6103
3239 7957
5440 9847
944 5741
5166 8726
4098 6265
3163 1625
5920 5828
6702 3696
9483 6055
8997 520
7783 7468
4004 7081
6720 6011
276 3682
5791 6945
8485 2888
8626 7403
4992 9510
957 9881
6533 9607
4865 9536
3923 3924
6202 3916
1715 2626
5324 4364
475 5688
6593 569
558 9477
8846 1073
2300 6519
4445 5942
9250 568
8038 6199
4017 1036
6630 1565
545 9997
8847 2552
3988 30
5171 2019
2640 3208
8447 5758
2334 5786
5800 3046
5862 3436
7897 6062
6759 9220
2516 171
2722 3339
6705 4700
653 1953
1093 8956
8561 1640
3360 5789
5099 9310
9896 1676
2524 9054
3844 6155
3816 3373
7846 4378
5117 6450
9853 3457
9042 2152
4539 9140
5999 3910
5211 8720
5614 7780
6831 7106
2666 9827
378 6919
5149 3653
8559 9813
2644 7819
7497 6861
891 5805
6117 4794
4944 2574
6711 9411
4701 9504
5885 9436
5351 6738
5159 2365
9010 5664
2740 6986
553 8877
6833 6090
3365 461
3106 7604
2339 1020
2068 2752
9583 8475
8296 7495
6732 836
3809 8424
7192 8129
266 217
1770 2954
8264 361
7000 2776
4811 7511
6001 89
2592 9986
6872 3550
3927 2965
9549 3570
4863 7714
5422 2413
7290 5368
3865 2377
2900 9957
1872 5072
9528 3265
4779 5969
5812 9508
4764 5390
6619 7909
2098 8068
7388 2579
5017 2267
654 2447
5182 9771
3701 4040
7023 8855
7078 8989
4311 9236
5490 5890
5216 6090
604 465
1683 4048
4341 2757
9045 6778
6488 7072
5377 6687
4969 3286
4731 7363
1536 3096
3544 6210
2628 653
9461 4458
9301 4414
5821 3858
1828 2233
6712 6604
2128 5736
6104 3397
2473 2184
8827 5702
5122 9221
7763 328
5853 9494
1192 3442
2756 158
6830 9839
128 9072
4260 9892
194 4588
1732 8547
6416 9935
7413 3785
5410 7172
8357 215
1477 3053
9697 6835
7055 3831
3322 9945
2194 3662
5948 5584
7636 5252
9303 9499
2875 2394
4335 8926
7057 7990
3448 6837
7273 4229
819 5902
440 454
921 8589
2975 2272
3896 5263
2910 2967
3793 683
5359 804
3263 7807
8049 3691
7278 9649
8238 6662
8312 7669
6323 9641
7613 1559
1200 3877
9440 3362
4816 819
6472 5600
6116 7527
4915 6723
94 4493
1696 2336
5233 9939
9120 6347
710 1535
7093 7776
1157 4529
9869 9686
3117 7649
826 3615
2550 5413
307 2782
1810 9884
4693 3247
6992 6205
4637 2386
4672 1013
7492 9493
3395 3493
6945 4600
1954 4680
4509 4903
951 5064
6946 8123
6240 5624
6092 1891
3621 6652
3522 8526
8505 5212
5961 8247
5600 8762
5072 8467
5217 5496
948 6656
5067 7493
3105 9035
6864 3578
2973 4740
2927 2639
6412 2950
3919 4210
6707 5403
5771 5194
363 3211
4595 191
4280 8406
5332 2960
7739 3797
2285 5955
8900 2048
4274 3737
6098 7574
9905 5332
1937 3968
2705 6621
9963 3806
2687 5096
5110 4671
2552 6783
1735 6272
5691 5376
4572 8365
9103 575
5964 5406
7707 7553
2170 8301
6410 9710
2069 2557
3081 1684
7721 3177
1317 8754
838 1218
3213 9980
9732 4280
9998 1588
6836 6284
7577 1567
8990 1146
993 2306
1655 5954
3286 3707
3722 8810
2633 4881
9622 70
7382 1105
3646 1749
7538 9148
534 2684
5926 2845
584 7793
2942 896
6351 4338
9178 5873
5697 693
2362 8756
3543 2194
5796 813
4835 6685
7743 8988
3118 4398
2610 7796
1559 4049
4959 7247
1511 6308
7685 2305
6428 3438
2764 1498
5327 1399
6029 9521
5482 9046
6549 7824
9818 6817
51 6963
8497 8766
5295 4862
7681 4960
2910 9485
3526 862
5505 1947
111 3990
4161 3467
3300 3666
9184 5523
2574 6356
9805 1081
7992 8704
3192 8677
4970 4411
8569 8065
7238 6914
2415 5522
4874 180
4282 6787
1990 7032
4830 6277
5002 9806
2246 3396
2265 9057
3927 5436
262 470
9816 6342
3406 1843
9836 811
2656 939
3206 2931
8284 113
2811 9423
2 9571
4833 6763
747 8488
7761 1297
9976 6428
1262 3237
5444 357
9700 9796
3214 5692
7801 9409
6458 7257
995 9792
4323 2697
386 2534
6121 6807
1260 4857
2225 4560
1511 1481
1821 8820
6253 3901
1011 4238
4218 6802
659 2515
6407 5971
4093 849
2978 7130
5739 6734
6357 2060
1178 159
1985 9859
2559 8222
7474 9800
4159 909
9955 213
1577 3936
4261 6674
1792 9635
5980 7988
8872 3572
4508 6416
7653 1743
4445 3546
2858 2425
8934 5610
7578 6817
6967 202
8145 9419
8494 9503
7539 9737
1061 3871
8046 8732
215 4347
2843 5490
4493 9128
6950 4536
9249 6774
4468 6349
2928 4448
1138 4978
1325 1811
6087 3069
7801 643
863 2252
9890 8975
9405 6603
1045 528
391 4819
6215 1420
8398 6283
3731 9476
4937 7416
4368 2024
4667 5703
955 7852
5423 4139
1726 9080
1123 1377
4285 8872
9843 3232
3166 2157
5873 8680
6837 1768
9505 6258
6989 7159
2820 8821
8083 969
264 9872
4510 3075
4377 6080
6756 1419
7335 9166
4437 1808
8255 2340
6971 7864
3436 7311
2407 2825
6832 3531
4380 8102
3445 4522
3452 9534
6196 6975
7488 1918
3421 4276
2539 1812
5828 7297
2880 5738
7581 7361
6201 9111
7666 1760
5111 4349
1078 6564
3049 652
7652 4241
2004 8700
2312 1367
5081 7770
7961 1838
975 4944
2489 1005
4829 3149
3686 8109
8992 5463
3258 980
1232 9490
3551 3678
1994 686
7494 4586
777 2683
1696 361
8175 7803
9145 4882
2509 2221
8986 9876
8260 536
6624 5144
8968 2219
857 3404
2905 8506
7479 8804
3279 7885
1200 2124
4101 9298
6279 8923
9564 5898
5641 276
1015 4971
8135 2482
4227 2073
3360 2639
9459 90
7179 2111
9210 944
7409 3760
4644 7318
2157 5773
3174 6625
7140 1692
2276 9746
1133 4427
9165 5180
9007 7532
9982 3873
5108 2993
1444 9311
3233 396
6953 2595
4257 3409
5520 7743
6718 2902
1869 9365
3716 9484
189 1495
1247 6142
9342 8308
3095 5936
3056 7014
6178 3117
1330 7504
9004 5298
6749 1216
6623 9733
7918 2733
4626 2409
665 3289
9495 4909
2564 928
5800 5105
8850 2794
75 7622
3528 9088
2541 9692
2563 3325
4705 3429
2634 4349
9100 671
2006 9341
2525 4239
2061 6426
1494 9563
7265 6771
4516 4088
5044 1978
7868 6601
9261 2148
9491 1350
5721 9169
9130 7296
9331 8238
9219 117
9535 2493
9325 3952
5746 1496
4802 6829
3482 2848
3879 2850
2984 2293
2807 5483
4582 1871
9214 9264
2072 4080
6287 1966
1034 2991
3545 1133
3040 3429
4992 3790
1107 4343
1545 5274
3430 3354
735 5076
3029 2554
2452 9870
7462 4419
8813 531
97 5282
8344 6814
5580 8489
5859 2737
4065 5908
6778 6810
8264 2161
162 6505
4223 9209
7431 3864
5569 9209
1980 7508
3979 2082
4612 2724
5109 4581
2114 308
1875 2927
3342 6083
9886 6614
8249 9013
4427 904
7140 476
9015 2829
5608 2483
58 3015
7781 4989
5342 7376
28 1111
6553 1602
6038 8412
5655 9982
6974 1434
2376 4304
4311 1793
7598 1698
7073 841
6844 7992
3959 8146
1349 4714
1815 252
7295 6185
5558 6193
1937 7149
4235 1662
137 907
8258 7131
4338 9739
9577 7185
535 7492
3729 6812
6406 4468
7634 7937
7088 7612
2257 312
6747 2555
9121 3731
8506 3608
1773 6599
8262 5054
3205 1085
6685 8173
9827 8365
8648 7577
9125 9014
9515 4419
7354 7064
4269 9040
6620 548
1848 9683
540 6793
4217 9973
5466 1844
233 5921
4728 8524
5455 2215
8558 8601
8336 6305
9113 119
2502 6546
7124 3561
6868 5181
3464 1114
7649 2126
9192 51
5921 8
1326 53
6200 4862
8428 8202
1735 9294
9307 7398
4020 2831
6258 1411
9157 6369
171 9510
2563 3662
9828 1352
9010 459
4431 8511
7543 9104
1356 5982
4940 3183
9309 4938
5318 6110
5000 496
4908 4578
2139 3789
442 2599
1207 9867
2100 78
3122 652
656 7435
9230 934
2950 2556
2089 6800
9634 3893
6711 8664
6570 4848
4565 4554
641 2990
1979 4062
6351 2856
6204 9275
5683 2771
7190 5576
4774 6852
9728 7905
1044 1173
8189 8395
5592 9128
8762 1950
6450 9287
4875 5330
1579 5601
7672 4896
6185 153
1337 9872
6832 3158
6176 2981
5100 51
9246 2872
8876 5344
8087 4326
2172 542
5166 47
9153 4569
7272 8055
2043 877
6797 7812
3405 4043
868 2368
5941 3168
2292 2000
5347 2712
2577 5074
618 91
4057 6801
4064 7699
3529 4376
2856 345
9993 9924
3205 8845
8376 9715
8444 8162
242 4954
263 4812
5313 7776
1229 6061
6052 2269
6918 9258
1931 8078
9579 4666
3190 8407
5290 9068
6901 1666
8340 6552
6932 2678
5849 7270
4592 4333
4803 2029
4864 9331
5546 9284
6105 57
5014 2646
546 536
1060 2029
1173 8154
5421 9298
4595 1016
8942 3001
6012 926
4515 1446
9691 1071
661 9330
7291 225
1521 4696
576 7153
83 3682
1421 6828
5382 4191
5125 7723
5765 6504
9262 7073
2417 4305
5931 9468
3522 6055
3871 8544
8404 5207
2704 1017
566 6612
2615 2243
614 8005
8272 8902
4706 977
9458 584
1619 7365
9057 4276
2847 5351
6718 1589
4191 210
1830 7060
2843 9472
5472 2760
2119 3210
6354 5862
9080 210
4282 4514
5716 3899
6653 1667
6267 4310
1957 6888
8734 3565
4964 7976
1497 1667
8291 9736
7200 7926
889 87
546 8739
2446 2442
2598 7001
6210 8781
1728 6119
5319 1064
8788 8914
3216 479
3616 8814
143 7800
3079 1367
87 1115
9778 3240
5605 3973
5162 9184
5851 3650
8929 4823
2695 1641
4431 4886
6141 7971
1020 4365
9287 4779
4040 3269
8904 2564
4455 8486
2787 3414
8474 5692
8937 5605
4352 7207
2515 9656
740 9674
4206 7188
9546 9064
3510 1009
5493 7003
8189 3926
1643 1102
746 4970
7847 7277
1877 4518
9923 644
8929 6983
109 3790
3328 4642
2421 1564
875 8966
6883 6315
726 5801
3522 4249
5850 1122
6628 9328
5719 9980
4725 2666
5979 5838
8090 4972
6143 1791
2934 4221
8616 7144
3395 360
1830 9636
4732 3935
1134 7456
1082 4446
4901 9203
4651 5884
5604 1637
5566 2490
662 2351
906 2248
969 9163
7731 7990
3276 4644
3886 8784
5774 9552
8542 9365
2706 4406
611 3900
2239 232
5970 6696
7624 8020
9967 3501
3989 7037
7706 9925
8638 4906
7177 4466
2066 9458
8486 6463
5152 5101
9294 7529
8554 5990
5655 329
6175 7836
1426 7284
178 2354
1003 6575
8879 1636
4111 4468
2176 8407
5391 9028
9081 8727
1308 7916
5701 5977
1480 8486
7498 8968
5889 3979
4943 8053
5410 7384
3972 6397
4444 3889
2091 3164
806 8171
614 8032
2433 5033
2354 3716
4783 7154
3233 7878
5467 4524
8406 9918
5914 5527
2673 7341
8180 5163
6754 3143
9958 6300
1250 2848
9967 2543
3678 9198
7143 9514
2223 4876
9403 542
7072 4389
9250 4448
3793 722
2059 8773
6666 4656
9770 688
3548 1774
7747 9725
4092 9124
6515 7
2682 5871
6610 2583
7194 804
9617 5865
4808 4070
6577 5390
4457 4008
314 760
8300 9890
2861 6705
4020 100
5231 2113
2557 8774
2624 5718
166 228
7450 7896
8268 9263
634 6536
939 9857
7829 3835
9092 7104
694 7942
6198 1617
6565 719
2571 9003
9351 4583
7053 7013
9743 3015
7553 4525
4242 5536
1788 4999
260 5850
3168 8705
6914 6201
782 322
9224 2456
3723 5328
2807 1662
289 4165
9380 4103
2579 7903
7253 9106
4409 5561
2850 2052
6230 4680
7660 8236
4387 6350
7936 5624
7018 9603
4899 2262
5007 765
1635 248
2881 4843
7467 9634
454 3718
3187 2767
2370 8074
4339 7501
9818 4249
8048 6551
4558 185
7059 8548
9630 4120
4035 4195
2967 7757
3399 2998
8672 1743
5318 8956
7535 3288
9641 6166
7175 8057
4795 9929
8337 3234
1065 1264
7542 1434
7062 7245
347 9649
9588 9853
7145 2132
292 6203
6766 3404
6365 3700
9203 2266
7615 7091
7651 7565
8766 2040
2924 1105
8952 6969
578 2060
3056 6039
5653 572
6799 1910
5986 8609
5164 5912
4546 7954
4225 8663
5114 8227
6128 2210
1677 6525
4139 282
1038 206
1776 6834
7460 268
8220 3252
2034 9899
2425 2893
3175 1196
3317 7154
9038 6450
631 2269
8573 9700
8464 6973
1420 155
3560 7671
4020 8620
3232 9053
304 9059
5898 9073
7002 273
9089 2719
9454 972
2015 3328
4534 1068
7082 5464
8480 8207
905 7002
3000 660
938 8591
7707 4961
4914 6995
3606 7440
153 1126
5667 325
3838 3818
7472 74
9571 5490
396 409
9195 9007
7566 6481
1222 4238
5342 7743
5399 5950
8332 3754
3053 8374
6125 8087
3576 1682
7810 5563
4490 7751
7707 571
7803 3181
1298 8324
6317 89
7007 9602
3743 7287
1341 9944
575 4815
6427 9614
4275 4089
9363 6626
6092 8611
6434 6452
6057 5252
1986 4229
3806 7872
3401 4524
9549 9618
1664 985
9335 4966
8356 1025
5353 9285
6894 7353
264 5196
4030 1324
9530 2781
8292 8797
2883 1305
5701 3382
4391 3848
1690 4450
3590 2945
2296 9749
5165 3514
5948 3904
6790 1888
8790 2251
7764 5233
4152 5931
772 6186
775 8744
156 7539
1980 7421
6943 4269
5654 5107
6280 4680
4525 7321
3575 3690
323 7470
1760 1515
4285 860
1163 1619
3528 3673
6767 8843
8141 6319
9359 692
4492 8831
8090 3255
934 3419
6344 5624
3482 7554
5709 6832
4809 299
2579 2639
6998 2320
9490 2966
3242 3696
7452 8999
4519 1388
5325 22
5067 6418
4585 8371
7717 6309
7308 4539
9648 436
389 1806
7202 4259
8505 6227
9138 7215
7116 6337
3721 7962
3686 7653
2660 7766
4738 7942
9842 4380
891 9054
5696 35
5500 1231
5312 2978
8163 9285
3959 8177
7238 535
9272 7788
9552 110
8351 8867
9790 1496
7345 4278
6231 2518
7379 1470
6103 4695
7296 4676
8251 1521
2101 9880
3485 4582
2348 4875
4557 2011
5655 5667
439 3829
667 4282
7996 1916
9910 5938
8367 6041
3483 3910
1706 2592
9641 2990
8916 4624
6528 9242
4473 7781
8868 8980
9422 7843
3494 4710
5390 9441
2139 902
9790 1698
4789 270
1746 5464
4073 9433
2618 7333
6579 7055
4741 3503
7331 750
5668 8800
1777 849
3190 4792
1270 2360
3967 2913
2098 8106
8623 8861
3719 3088
2689 1902
3641 4860
1936 9700
5094 3996
706 2249
519 1705
2956 5130
8823 959
1218 5916
4552 1749
2820 704
4658 6464
2020 1841
1288 1643
7816 914
3638 926
9484 4611
214 6988
1672 4285
8602 9001
8047 1025
3719 6342
2146 642
5561 1917
9993 4323
3771 2039
304 8425
6144 3909
1261 9998
3246 9541
6546 4003
4024 2083
1299 7480
2668 7881
7751 5574
1168 1269
581 6555
1563 6633
3478 7091
6802 5853
3437 4996
1761 4131
2219 9857
4353 6310
372 3242
4015 3560
729 701
8152 4473
456 368
2093 1353
1937 8989
4891 4402
8181 3337
8334 3243
6502 2057
5505 7024
4987 5680
5977 4697
292 7016
1223 3846
3436 4199
646 7122
6491 5068
7501 1087
4351 2086
3747 8621
1009 770
8873 1944
2245 9422
423 8601
3612 5145
6033 2417
2765 5329
2596 2269
6961 2887
5886 5533
421 1553
5649 6529
383 9143
2191 9365
7033 894
9760 5142
4899 3027
2738 1580
4227 753
8792 1105
4230 2764
5280 5330
1918 4522
2342 4638
5261 4081
4467 3765
445 9947
64 3728
2224 6286
1453 1769
6960 1142
5762 4877
4135 3628
6705 9548
5509 8328
5025 3412
6748 4203
464 5779
5306 3689
2416 8593
3807 2241
285 7803
2351 6979
6992 4564
6263 2949
8610 1423
6490 3943
7408 2933
3898 7215
8901 3361
675 358
9054 5868
6740 681
4633 5809
7350 6510
9107 5460
5979 4940
7219 5816
3168 951
9334 7475
7660 6975
5334 8454
2513 4599
2387 859
9825 6063
5475 3640
8632 507
7045 5490
1205 6268
9437 8281
8913 3040
9080 2580
5105 6938
9248 8305
5441 9832
1172 7638
1720 6495
2645 6422
2173 6623
2530 5060
5175 5659
3993 6772
3859 3645
6191 613
7508 3287
7813 5876
4448 6945
1033 5013
2830 4195
196 9353
6215 6826
3840 1201
729 8557
3772 1483
6553 1542
7703 320
4822 7933
4419 7495
1228 1916
8734 1875
5942 9146
8354 7672
6846 7277
7140 6108
9008 6100
610 3452
7377 3394
4450 8684
174 1579
996 6198
9424 5933
203 8014
8127 6473
9012 2415
8580 3266
6338 96
8845 8611
7732 6398
1144 3341
8603 8941
6715 1262
4506 3080
3417 6539
5436 67
5566 8044
3992 8630
7554 819
4409 2831
109 8892
5358 8860
5086 7888
8732 2117
6873 7493
9262 3777
4533 7907
798 764
6812 7080
7744 6216
7855 1869
3748 9309
5168 3704
2485 2142
4461 4359
7238 7305
8197 8668
3871 7268
1961 2335
9520 9415
5254 4045
5300 3950
1626 8566
9601 3970
4359 7434
3770 4449
3471 2999
314 5515
2979 3897
4921 6445
3486 8990
7781 2314
9208 2618
180 2542
9603 7837
350 4407
8725 7671
3324 112
3829 5444
9462 5299
4178 3715
469 7007
5206 6540
7929 3099
972 9727
3577 1939
6048 9108
6800 9846
9198 5985
9018 1539
3408 8716
7025 4470
9939 6115
4361 9398
5121 1133
7136 2532
5692 6908
43 548
4645 9299
9055 1795
6513 8054
6994 4474
896 8832
5565 5879
3614 9147
3096 9430
9124 9728
3337 4785
1314 4465
9300 5676
7560 3876
4105 833
4181 1507
3426 1001
4442 6455
3954 5970
5392 9723
5766 7671
5138 5652
2408 543
5031 7441
2425 5883
3410 2300
4808 6194
5887 5257
7207 2326
3181 4804
1380 1964
2307 930
7557 3358
6388 821
8633 1624
7735 1085
3635 5271
7144 9954
8914 1524
3471 663
8823 2464
985 50
349 6118
5813 1295
6001 5828
2971 5055
2534 5561
5936 6744
1943 1314
2749 2686
2298 1840
3383 9982
4529 7288
1341 85
1398 6576
5381 8736
3441 4671
7990 7675
8483 5747
8281 512
9139 5333
1777 8487
7714 2829
8982 1240
4957 279
2860 7194
9243 567
4769 2758
3013 4906
9695 9598
753 8060
4189 2529
634 115
9369 4464
9294 2118
4508 4831
1043 8121
7760 2455
4464 3927
612 9038
7481 8701
9598 695
6170 2803
1807 2528
6744 6376
373 7766
2504 1687
789 5775
5577 7984
67 6017
1577 575
2081 3177
1886 6036
1535 5399
5703 9888
3083 3941
9818 6947
9743 6476
9619 7222
389 4502
4795 1920
8430 4529
6035 3659
7632 3308
7910 8690
368 8273
2567 5506
6312 7878
1096 6139
3101 6873
8296 3563
4685 2738
1450 5930
5504 9393
6468 6816
565 4814
3556 778
6338 5043
3276 4636
6378 2582
4557 6232
7953 3530
8320 7693
265 5496
3823 1253
2428 7050
6424 1537
592 9390
1262 2809
9838 5793
5104 4189
6460 7106
7596 6580
1613 1028
7021 3939
8136 7072
5780 4930
7623 4630
3180 1993
735 8890
2151 7018
8395 7211
8064 9329
2229 8272
5150 9838
6923 5169
2022 9511
4309 3121
8659 9175
3482 6270
7219 4168
9930 2546
5730 4845
468 7229
3843 6052
352 8292
3350 7818
2148 8463
7707 2402
6236 8909
293 9139
3967 6713
9909 7825
4202 1212
8729 5860
1904 1138
5427 2411
4820 7187
6641 7279
4616 7965
5799 6652
2857 5435
3314 1741
5999 3165
6601 7848
5773 1508
9168 8956
1964 8071
4037 8193
3149 2944
6775 210
6130 3367
3434 1735
8277 2355
1163 939
5468 7351
6449 8521
4189 7732
3786 1177
4026 2990
7786 1757
5235 8350
6026 7335
3203 57
1493 3750
9437 4219
5630 3511
3502 14
3547 9336
2485 7320
1254 3937
6274 4621
2749 3845
9565 8902
581 4235
3414 7014
2827 8954
6821 5158
8618 4123
9563 6228
1848 2409
8251 4317
551 5002
2233 7600
5617 5255
3039 2243
1407 132
1469 6175
7159 5606
4251 6795
6525 5630
4289 3953
7903 1475
5352 6354
7061 2640
8584 7362
6537 1536
7456 503
5565 5165
4328 7095
4435 6002
4407 5551
4585 4421
7784 5912
7949 4648
1786 5742
6267 4378
2516 1991
8616 7230
9944 1404
1907 8149
9337 5568
5921 2750
528 4818
5431 9205
2309 7291
4008 1549
7280 3036
2025 1222
8006 5745
5068 5451
6237 2672
3876 6180
7643 5887
7344 7910
8620 3017
1014 7866
2107 433
6091 3093
5129 2222
8161 2529
6870 8424
164 5908
3281 2312
1527 5465
2551 4947
1440 8524
2714 1592
7541 4644
2315 7090
2827 5394
5970 8577
7805 8457
7620 7386
1708 2981
7711 3654
1701 2203
6198 971
8149 3320
5318 2877
2950 7838
1466 3529
7303 722
4567 5132
1409 1903
6192 4289
6434 364
3035 228
3192 6216
3972 9619
3165 8944
9728 5076
2956 2404
1555 39
5406 3839
2935 2807
257 7747
40 8685
8998 7940
1039 4588
1157 7060
2838 4445
1506 2738
6277 5298
8204 9655
8486 5954
3801 1087
207 5008
5389 4977
8861 7417
8367 7002
2567 4656
6879 3881
5253 4730
6234 5442
1689 8502
9184 3777
4124 4671
4611 4086
5636 3760
4235 4466
8915 6684
9251 9217
3484 1856
1375 6296
6675 8283
8452 7193
3305 5952
8622 6701
3837 926
7471 7332
3849 3890
3248 7526
5076 1416
4433 4260
3367 7351
4436 1013
1372 4647
5373 1124
4831 4407
1101 8479
420 3710
4332 659
7852 5314
7713 5767
4686 2796
4763 8939
2157 8366
4487 29
6721 6544
1552 9234
3214 5298
8093 1219
9678 6900
7769 8998
2192 6783
8566 3600
2282 9181
4720 1038
5429 5597
856 1481
4473 7629
3967 8738
7794 1851
3793 1406
8895 3278
6772 4714
3554 7919
1305 5303
5967 6232
3384 2408
2888 1485
5299 3798
5182 6407
5876 6361
9883 4904
1424 7663
642 4100
6397 1100
3314 5374
5396 7269
7035 1889
6238 4015
1626 5031
7578 8887
5487 7793
9280 7446
7199 3030
8559 3210
5266 6557
877 7398
447 2509
4829 2599
3293 7890
3997 1734
6038 1471
6760 5739
9875 7777
7541 544
4052 8729
3296 3062
8353 7467
671 3267
196 9578
1556 945
1893 8116
5502 3277
8532 9509
2075 7473
9910 5135
8913 2174
3309 3479
9538 8607
1617 7077
7002 8486
7238 3735
406 4264
6178 1690
5758 350
5241 8511
4123 9958
738 5588
7295 8462
3560 9016
9924 6557
9901 4514
1606 9575
3233 6722
852 5247
5241 3661
2698 1307
5350 7582
9161 9012
2974 624
7089 1529
1409 6858
3464 1148
2004 6582
4910 3685
4674 8572
3548 6344
1763 9447
882 5793
5201 7545
3370 6095
6103 4933
5177 633
2060 2546
3271 5026
2902 4219
968 3621
6985 3714
744 6336
5915 6995
8036 1576
4721 889
1285 6784
6456 936
3892 2079
5687 6470
3750 8505
3643 6261
8152 3697
4856 8360
3218 8881
2392 4502
8365 5726
217 3495
8472 3299
5105 7807
8286 3737
7736 5719
9875 8515
4550 3504
7898 661
5206 9732
5301 5922
1631 6933
4419 1639
9025 8527
8233 3376
2472 3953
8609 8513
6577 5492
8887 2074
2213 7812
8444 547
5331 8906
9362 8125
7430 3723
1971 3161
358 8791
8600 7051
7037 825
7837 2449
4549 1785
9734 5505
3415 7217
2432 687
2308 8139
6123 2392
4797 3163
1095 1879
8196 2752
1790 3870
8530 170
8721 1056
8512 1875
1992 9535
4035 1343
7906 8957
8449 3871
9144 7848
4228 1376
64 6529
993 1510
2087 6139
4835 9392
2279 9747
5103 1469
4403 4317
8855 9617
7325 7874
7418 297
2665 8618
920 8544
8771 3378
4455 3951
1234 7068
5777 8966
3090 5812
2579 5179
1090 8776
5353 1006
1493 2456
9337 3090
4397 3703
9629 6876
7982 6703
6285 2397
3562 4272
4304 1223
1515 7426
8775 9613
6201 8099
7183 5467
807 2065
6537 7095
6084 1801
9919 2012
7837 7909
9856 884
4124 1680
7675 3651
3694 1856
5626 5962
8790 2244
8365 7951
1309 8919
4268 9532
3082 3936
2314 6021
3705 2013
9665 8320
8644 4909
2034 9991
3526 3356
9269 9111
777 8977
6575 3189
9147 1135
5443 4613
6663 1665
8340 6828
9487 3192
7262 3282
9120 5915
4478 2595
4264 6036
7097 1000
1515 8943
597 4091
4052 6333
2983 5150
6645 2467
9321 734
8573 1803
5345 5675
1513 9390
8669 9434
9307 9461
5298 3604
9344 3604
1535 6613
9578 5351
1304 5446
4327 3256
1197 5572
9176 1623
7732 4394
2737 8974
1648 2770
7206 7414
8435 2591
8979 7270
4884 4402
5534 8995
384 4389
6239 8100
1222 5881
417 6510
1911 8404
1095 9000
2588 3315
5448 1635
5888 946
7864 6097
5983 5608
1683 6983
3610 4365
1567 60
8287 1101
9845 848
5527 8412
4095 5963
4332 9404
5246 3195
5111 6692
9458 1995
8385 9401
6777 9325
1195 9434
1937 1877
3959 8496
9322 4024
5475 4111
2358 8457
8506 7964
3911 2134
6977 2118
2252 2479
254 8932
1858 5931
6550 4301
4828 6996
9054 8110
2278 129
8527 5274
177 1617
1661 5932
2886 3062
1138 163
9101 5479
3244 6307
2069 6221
7442 3513
1389 1555
5301 7036
3106 3017
1719 6811
2387 1674
5870 8588
3003 1907
3923 6043
1754 5406
3678 5427
2261 3558
3721 7285
8280 9118
6374 5440
6455 4860
8432 3976
6828 5643
4849 1406
3055 2950
9011 3433
1148 8964
338 6968
2727 894
8613 9122
5526 3021
9523 9186
7177 2361
6854 4451
4306 9302
5996 8443
7284 6172
13 3190
4070 5820
9302 9503
3060 166
2047 2107
9215 6118
8777 8374
1255 5616
689 3314
1158 4572
7813 5852
2628 9050
5891 6633
9838 9125
9991 7553
6165 8583
8094 2692
1484 1636
1951 7817
5491 1434
1120 7779
1490 21
6639 6306
9777 4491
1681 8704
9487 2003
9571 2084
9166 154
3022 6485
7796 1529
5094 5475
2877 7253
4946 8028
9934 9104
9395 1091
803 3057
2698 4033
1828 2737
4924 6063
8302 1158
9376 637
2302 8293
1378 5239
2036 370
7342 8322
2026 4354
9024 3722
2334 6318
3813 7542
1737 3090
7068 1675
6060 173
1559 5798
5750 7168
9210 7661
2375 8749
6793 6363
5179 1230
4459 6306
9734 1596
3183 1737
36 7716
2977 7540
9890 3671
6056 6792
8621 2999
2 6842
7732 2509
1930 4162
5762 2752
2180 6527
281 948
8242 2644
3063 6469
6070 496
4496 5264
4450 8390
1011 1301
1511 6919
9234 5068
3283 4963
7826 849
9877 9703
5323 3262
6868 797
5576 7364
830 4556
972 1406
4907 6796
262 6603
5499 8341
9544 9553
6571 5735
5058 7613
7833 9754
9994 685
1369 5711
1130 5457
8235 7372
4545 221
3610 9416
9949 7936
310 2949
449 9994
9826 1749
7360 4503
6825 432
8152 8799
2964 2810
3280 793
5337 9339
6395 492
4943 6779
9455 1280
9669 3898
3355 9589
7578 2564
671 7598
4432 1710
2553 5183
2226 5821
8185 1527
6738 7050
746 3557
9976 4649
7402 1947
1315 7216
8040 5329
8986 2259
7573 3252
9494 8791
8061 6620
1033 3071
5894 7198
1808 3472
8519 3757
3240 2783
9540 4029
3310 2044
2184 1044
9326 1627
7101 4555
4911 1874
8007 20
978 43
6760 2575
2923 3813
4460 5990
5145 8481
2660 2161
5914 4406
9286 3794
3358 2013
4303 4512
5813 7390
5294 9408
7233 9553
884 7493
4821 1690
7106 5501
8323 8613
3965 7531
6798 6835
496 8373
652 5122
2151 460
1958 3787
9336 2479
3024 8159
127 817
3807 1615
1784 1389
3077 8970
5763 1272
9653 1809
5967 4835
8854 3211
9756 4625
1280 2
7147 1574
4335 3413
9993 3629
41 9878
1675 4608
7173 4988
9346 6310
9595 2536
1100 9750
7161 303
3505 9327
4594 1088
9862 3096
960 3238
2540 7264
5477 6386
4498 4989
8727 4260
9043 7467
557 7843
3174 4864
3810 9934
8821 4283
47 7556
4143 644
3493 4985
630 2078
406 4489
7156 9439
686 9901
9952 8102
4102 5195
8756 886
6544 3583
4605 9188
1535 5194
1690 1618
6111 7446
3178 2096
9746 5436
7708 4195
7927 1779
2704 5810
1458 1819
9198 9729
7577 5624
4290 3534
2012 9019
305 253
782 1647
1467 6859
7163 3727
4913 4675
6735 355
8432 7119
6197 6306
2098 4487
7853 7380
6797 6462
4978 5375
9161 8225
783 9957
861 1220
8742 820
254 8469
3482 3719
1514 3970
2534 3593
9820 3808
6907 8477
5826 9254
7734 9371
5790 218
7240 8791
651 4160
2184 6507
5743 6593
3425 7109
66 4586
7581 9676
3236 7586
1203 4660
3562 1832
4945 1830
8720 2361
2734 1650
4259 2365
7518 8655
1321 8019
2785 771
783 1825
4405 2833
683 717
5777 1410
6821 2128
8858 5322
8462 5734
7356 3769
3834 2849
8807 2440
4748 4291
896 8501
6096 2690
4830 1102
244 4192
9368 5658
7346 8307
9527 9239
5544 6622
9604 5796
9258 9279
1965 9938
1016 2805
8813 8148
2987 3196
8627 495
5736 8913
1744 1562
8616 758
1951 5382
62 2361
1287 4840
1632 4238
1938 1224
9094 5320
9248 5948
9671 9424
8074 8310
1914 7587
1213 3595
3092 3799
7986 9143
9303 9283
68 4836
6858 7265
8045 6764
706 3302
7265 4639
5320 169
570 7544
4274 7635
5686 7574
3350 6740
1421 1892
228 8947
686 6950
8313 1323
2819 5553
177 6827
2186 867
4586 6736
7771 5894
1508 2610
7338 1937
9130 7790
1876 7135
2262 901
8424 6332
5453 3007
2698 6344
87 3029
8673 9227
6922 9997
1059 1888
219 9338
7473 862
3616 7625
249 5972
9972 8277
9382 180
7249 240
6063 4906
7021 4253
3162 1514
1646 8600
6260 7823
7050 4996
3374 14
3322 5509
7089 8240
590 59
9026 2813
733 6627
348 1693
778 7697
78 9599
7246 5666
9788 6727
4085 7815
9019 1515
4233 8054
5557 6370
1347 2684
3038 2467
6303 2372
3822 1280
6147 6578
3550 1324
768 9145
55 6945
2555 100
7734 4740
2993 525
3916 8263
3625 8935
4888 398
9394 1910
7344 2904
9465 9119
2612 406
7715 7913
4800 2131
1714 136
1131 6426
4826 4321
935 4831
9811 6992
1652 5466
5818 612
3576 4968
8624 7087
3748 7229
8342 3593
9724 8053
7608 2724
6275 9029
4748 8285
493 4202
4417 1064
3419 2303
7553 3253
10 3847
2116 8439
5469 1972
7195 3145
638 3252
8639 4243
9466 5181
9889 2491
3585 4277
6096 67
7145 385
9505 1558
4246 910
2310 4189
1479 6462
2786 3834
2032 464
1838 5062
9567 566
3505 5687
8926 8428
3961 2571
1979 7052
1433 1823
4521 5925
6182 8043
8709 8995
8153 4980
4578 3393
8668 4612
680 7518
7992 1044
3283 2693
9399 2528
2085 2773
7047 1326
3140 4233
7253 7730
5436 6256
9751 4802
7957 6140
6462 79
2725 4949
3951 1123
4545 8171
5976 1072
9374 7376
4588 2476
1371 7130
5539 6025
1345 3913
5932 9881
5921 9517
1298 6613
3016 3903
2760 126
7064 6248
7523 2993
1393 4490
8183 5972
980 5646
958 7466
1462 8123
3532 7667
4386 8408
3299 7555
4522 5101
1171 4285
8501 8954
239 5739
9716 806
6874 6927
5486 5237
5015 1174
549 7102
2143 2312
6911 5282
1490 4824
7733 389
4789 587
3342 2183
1395 6653
1201 7412
3932 8459
8 5276
4475 9980
1222 5069
9092 71
7394 7290
8275 4051
5397 7900
5683 6461
5224 6767
7209 8865
4815 4489
2123 5792
4252 6607
1317 2479
3362 9195
5540 3799
6020 9171
6005 5599
9696 1069
2555 7520
3192 2490
3298 7833
9283 1522
916 6484
2914 2293
8615 1918
4241 7527
1439 9690
4709 5293
8109 3764
4942 1269
7111 3005
9273 4092
228 555
1448 6151
2286 7438
5267 6755
4832 9673
3521 6281
490 5198
5387 6252
7990 2412
8404 6181
716 3383
417 1240
3047 102
3383 4420
2765 6712
9253 4996
8631 8923
5635 4170
6053 3719
6467 4772
5629 4422
5372 4365
5360 1528
8342 2198
3656 2215
7557 3105
8117 2939
3503 9949
9075 5017
359 6958
2631 6060
9184 5968
3064 6270
7841 4014
4111 6149
2102 8952
6860 1935
6089 4671
1149 1082
4613 5924
5760 9565
5039 1641
5694 3075
8631 2525
5397 9904
3779 1279
651 9301
3382 8707
8131 4581
6516 4634
5160 5462
8047 1758
9614 8157
8878 7337
5941 5377
5990 7171
8203 9510
9238 447
9765 3161
2985 4307
4674 4507
6335 6494
3222 4755
3142 6010
1198 5908
200 2559
4152 627
2269 4237
5176 8825
3417 6026
8440 1872
9245 5172
9618 8881
260 6455
8933 9681
7182 345
1552 4261
7926 9087
6528 8290
9816 4676
5897 6635
5486 416
1501 6478
3237 9637
3994 417
2490 3640
7652 2772
5495 8984
5836 824
1852 263
8450 1639
9402 6017
2459 5864
3434 7633
2207 4072
4426 8220
5831 7200
95 7583
9132 517
6111 6770
1693 3328
6063 7522
4337 9427
8477 7787
2452 7091
639 8867
7136 4998
6392 7979
9458 2604
724 7930
3680 5877
2547 7192
6763 4030
6978 8580
5815 5584
4719 6918
7597 5413
2875 3106
2823 4659
5311 8677
606 8741
468 6502
5452 5162
9658 6060
2925 3260
7897 5207
6035 6860
2205 8060
3438 4436
9099 6735
9816 8360
5634 5859
6655 4081
9709 8821
9653 3694
5985 3882
4692 8202
8492 7105
9158 7796
4159 9856
1048 1537
9240 8862
1702 9785
17 3620
4881 5072
4886 1083
1736 2991
5332 6284
1374 8411
5522 5166
4784 8273
7848 8517
5680 6796
1661 6838
515 7543
8461 6591
5439 4172
5651 3536
4326 6637
6113 4507
8088 9087
2636 6337
3813 7167
2911 8871
5669 9928
5182 5501
8730 3372
6261 8722
8674 304
8397 7444
5407 3075
3619 5184
2388 8332
916 8677
9042 9992
1177 3814
8699 7880
5657 6251
7786 5571
6695 5775
9295 177
5504 9534
3677 3083
3263 4305
510 118
3118 2956
4314 1033
4328 9971
3779 7434
5640 9016
9982 3831
5272 5746
307 4220
2254 6559
6358 788
7077 5523
1307 2614
9582 7155
1567 220
1531 3475
1098 1339
1180 7410
5234 4004
8932 3265
4565 356
159 7746
4061 9720
9110 9779
7941 4618
5629 3428
1366 783
133 3195
7650 9202
3870 9868
7078 4281
8248 5936
9534 9836
7196 6614
3474 3207
7552 5227
3499 654
4195 6425
532 1497
3437 9226
7343 9432
7545 6707
7563 4905
1151 6724
8196 906
4555 8300
8671 6475
7428 4192
7584 6915
8264 6099
6585 6803
5245 5638
1086 8528
2069 6761
3446 5704
2183 4776
8650 9819
6955 1256
2376 3233
2807 5286
5608 9789
7140 1274
2508 7688
1842 66
7047 7325
9911 1932
1958 4296
2096 6082
35 4125
5618 1314
3745 2050
5820 2946
2819 7223
9107 7453
9997 1279
9973 1480
8805 8072
4783 2453
9078 6764
1853 7590
8841 8993
2651 4846
6381 7532
1246 714
2745 9483
7190 3044
6340 407
6638 6788
5907 1948
4724 7117
6140 8553
9062 4433
4370 420
7617 4714
9410 1103
9831 6334
6922 5395
2386 8714
6542 3112
7969 4621
3232 4954
321 1560
6917 9658
3723 5673
6055 9610
5758 2014
1337 8855
5370 8051
8933 3632
1478 7113
4036 1514
5850 8909
5431 8507
2005 7577
8744 5325
7726 296
3988 2012
4141 1617
138 2652
5737 555
6950 7383
4122 2526
6527 3438
9663 3283
4259 3902
7230 708
1353 2508
5395 3344
9586 3375
8255 7075
1865 7938
6512 8248
8514 1073
471 7368
4882 1755
8936 9891
7069 2567
925 156
2234 7640
5096 2786
4289 7546
9977 8511
9328 6270
9133 139
9262 519
2554 8435
3839 5025
4899 9761
4971 5044
5502 8776
1952 1441
2971 2798
8852 4984
2232 111
9948 1563
2379 3346
2198 5037
1224 9616
8120 8282
8488 7757
7544 9025
9494 6686
5052 2243
6 3238
5988 5364
5860 607
7517 4499
1157 1514
9705 1767
8109 3920
6900 556
9076 1651
3143 2549
3007 2813
8297 1854
6983 567
6078 654
959 5637
3168 1
3891 3881
9820 8460
5744 9553
2884 9639
4094 1186
85 3575
4735 7413
1613 5943
5386 6923
1971 254
6049 9632
4133 9249
8122 5640
539 6891
9298 6199
8061 6894
3583 8309
2128 4353
5701 8122
5553 7203
5054 3014
7578 7939
1943 5832
3424 338
4793 8814
7517 586
9640 2947
8021 6952
6995 2781
2307 6052
2584 7121
6048 9637
576 9749
5764 8733
9306 7901
5355 5740
4627 8503
9782 9650
6404 3941
27 8598
4638 2756
5204 8542
2804 1750
8030 856
7752 3584
4956 4853
5034 1277
7946 8554
7249 7862
3017 5470
4440 8232
1949 3860
7478 1178
1028 2302
6075 9868
5245 9807
7403 2365
7160 9506
4728 5278
6192 1800
4708 2440
3707 3676
1046 7854
2058 4707
8393 4380
2833 4626
4622 4099
8054 8037
4727 5268
5859 5869
7284 4515
7195 5006
5090 1856
4085 1908
1187 8539
5649 9368
5545 8063
9881 5804
3929 9069
2433 8860
2918 9978
85 8799
1241 7736
3150 6750
374 6993
3474 1956
3371 6853
5978 384
7024 5743
6242 1381
8192 3972
7348 7025
9105 604
5859 7884
8402 2663
2079 1897
1247 3460
2221 4184
9947 2588
5754 5915
6964 2365
3935 8037
9838 3337
6938 9678
7621 304
7279 1443
9005 1437
6501 1141
5075 6598
3919 6512
9615 9957
3096 6215
8570 9587
7972 1906
4229 1663
2955 8250
5010 4305
3761 3324
3106 3077
7238 5726
7372 6833
3773 3558
7860 9249
7044 4515
1645 6708
2308 3180
3071 9021
7820 8421
5563 9942
3508 5843
3311 2840
9066 8737
924 8366
5705 7459
6217 6220
4419 9841
1025 7487
2353 1783
8662 7580
5970 169
7870 1460
3925 8072
3966 6190
8393 4547
4686 8517
8669 6575
3922 5282
3283 4267
4575 4905
9770 7275
9304 8742
2475 561
5607 6276
849 3301
1023 3123
3985 2581
7660 1327
6846 9614
2994 5530
4127 7311
5244 8907
9832 3878
3734 5802
9368 8835
1688 7248
370 4372
5131 694
2481 8789
1153 4654
9017 4603
2365 4561
5491 7350
6198 2850
3303 3398
3613 4829
5497 6123
3840 9479
5200 82
5297 1534
6813 4081
1982 2155
2586 5220
5599 3776
238 6815
1099 812
228 7236
4876 5860
4565 9738
4188 2617
184 8108
3007 3048
709 848
912 6707
6926 1327
9925 1119
2930 4869
5097 1464
1567 6926
8014 8724
4269 8856
5166 497
6528 1586
3472 7034
2079 6147
4584 4005
5553 9117
7517 4330
6791 7443
978 8325
9656 7845
9529 2667
2777 8647
1512 9738
559 3235
390 8874
4638 7258
1612 4666
9734 9816
8836 3678
7026 5472
7094 4805
2860 2545
6976 1768
9167 5922
6600 9977
8882 4643
5886 87
9200 1485
4292 4939
7929 9296
4078 7551
1863 5072
8506 620
5287 3319
7201 3817
1016 3261
4662 4352
7806 5988
6429 4270
8233 2964
6774 9822
1633 3308
3725 6493
2379 7348
1992 4339
2796 7742
772 8410
9046 9716
4925 8025
4671 7648
2041 4388
1582 3479
793 5428
1754 8212
4179 5618
7884 1583
9164 9824
8617 3268
6371 3855
5217 5483
5454 8036
4111 9464
8973 2963
570 6700
8599 2016
631 1683
2413 161
4648 7307
2487 5663
1080 2986
967 937
1931 7890
6574 2145
5415 978
2177 6216
3631 2976
4823 3052
7547 9625
8904 9326
3493 5315
5383 4457
1358 4238
8172 1022
5566 6590
821 7069
7241 7129
5135 8025
812 8395
5782 2041
7409 5056
2103 6491
4896 4158
3282 5057
6463 6575
4830 1661
9905 4641
8211 7084
9256 1661
1626 1817
3413 8528
9046 4140
619 336
1648 9590
2243 9374
4538 182
2720 5187
6499 615
3551 2767
4045 6102
8285 6805
9833 6119
1254 8495
702 4011
3805 1465
8955 4725
5607 993
3498 9983
9153 8157
4491 6675
8834 5468
3949 4981
3859 9597
2942 3294
3365 1581
1336 3737
8808 2923
7534 914
6031 3627
5436 7484
7888 6517
6564 7696
3663 7238
7376 697
463 5965
6146 5194
5039 7129
5473 7855
2195 5076
8318 6913
9409 3358
422 7799
1252 9938
4196 3077
2569 4085
5558 9526
6517 6240
7592 8358
7934 9946
8016 4463
6810 9666
801 2542
9349 5669
4584 9075
9929 8209
4915 9884
7655 1727
2294 7594
8906 7399
7344 6680
479 6026
7228 7453
4270 6341
8801 225
1031 906
3047 7700
1031 7269
9721 3277
7635 1102
3074 8590
7936 4374
8477 134
9433 3486
8410 1886
5205 4463
7719 5431
8027 5340
5744 8643
8550 550
1141 3036
1351 8252
6139 8682
5493 2890
3944 177
2275 1636
4774 9520
1617 7516
1224 5120
4986 9042
8645 4963
9079 9719
9891 4703
9407 5576
924 8462
6815 8475
2670 1850
3149 5530
3842 8467
6042 3598
2558 8105
7722 5056
3478 2436
5931 814
221 5034
5769 7889
6630 1063
2956 9637
5727 4405
7387 800
851 6704
177 4525
821 8231
9359 7331
4338 8745
3982 1518
4851 1392
9189 3136
787 182
4531 3477
9979 5378
4302 3470
7726 1414
9262 1362
5409 9602
7867 5169
549 439
2815 7464
3202 4139
6280 6349
3451 2670
6208 5245
5075 5282
154 6572
9974 4229
9391 8640
9475 8375
9387 8550
491 1654
5810 4802
9541 3298
4251 1890
76 5385
3156 7606
7359 9190
7991 2553
5130 955
9713 2627
3784 9245
9665 7443
3154 8425
1739 3296
4785 7604
5102 8320
3785 180
318 3127
8548 490
5974 8560
1073 4025
10 2237
731 139
8441 8583
8074 3933
474 9613
7215 7974
4275 3097
5668 2593
2392 3916
9078 7461
9026 3302
1551 5833
3581 7680
2735 4180
5026 6494
2755 6415
7522 4878
2377 6521
1423 1455
6893 796
9160 6405
1009 1188
8198 7399
1015 830
7391 9641
9886 4368
364 6053
2848 8223
1343 6936
2413 6522
4755 5883
2814 4804
5121 8346
427 2928
2292 5259
5611 8323
5264 2588
7505 852
3572 7174
7730 6117
8311 7614
8483 8871
6019 6328
4138 2072
6376 2908
3264 2715
4330 7270
1417 8245
9165 8552
905 8414
4616 5836
663 107
340 2441
7716 7765
9731 5223
3092 6393
1812 2726
3563 5102
1930 3153
7754 7026
4556 6772
523 2721
5391 5607
2925 8233
8515 774
8127 7645
9305 8083
414 733
5843 8517
7791 6785
5107 6661
7090 4227
6190 619
2720 1418
4884 990
1777 2732
3993 4328
1977 3520
8358 6867
7612 2628
1775 7012
2028 3216
5376 5304
5185 1833
5686 800
3799 1485
8868 8601
9310 536
2807 1117
2729 4228
950 2693
2550 5093
9631 8882
3532 7005
4212 4385
9981 4630
6744 2471
5922 8798
1516 7240
5115 3656
2550 3815
229 3950
9968 2626
530 9240
8389 3950
8895 6649
1663 1991
1390 2238
