10000 10000 10000
8547 5417
7849 1643
3246 668
4486 6968
4863 4635
6603 6301
9563 8237
2777 7509
243 9169
3916 1545
2400 1219
2809 1441
9762 3572
5331 5219
4287 8993
5375 4487
5255 9153
3556 6559
1400 5222
6901 9348
3016 6662
2488 9145
1789 9411
1343 2746
232 8522
3283 8746
3085 2902
4161 1371
2031 4808
3504 7060
1505 2676
2956 1737
1192 2967
9197 8875
2364 5116
7039 3603
1487 9110
492 639
6378 8382
3275 4669
9627 6447
3519 2344
6445 2749
4872 2618
4472 6835
8014 4418
5599 7167
4561 3585
3212 3002
2906 9699
8925 3103
8842 306
7951 6152
7762 7162
8455 3650
2410 7078
8064 6162
733 5441
6411 3596
6433 8596
3917 1406
7971 4515
7958 403
9656 5614
139 5275
5714 4067
6656 9367
1869 389
349 7833
1324 8665
3759 348
171 4785
7694 5244
7828 3559
6714 3809
6634 7396
2557 4297
6939 7450
1981 736
645 4665
8809 2050
2363 4531
7621 8284
1301 9603
1757 364
4789 2275
4075 9599
3631 16
7039 9494
4611 3956
2989 7464
7912 2092
6084 1400
501 6990
6688 6903
6790 9430
1545 560
7969 2772
1937 2010
8506 6424
7629 7804
5489 4080
9696 3019
7969 8980
5379 1041
9395 6339
7233 4918
2572 673
3258 126
685 4350
593 7033
3597 6045
9936 3917
8749 7529
9081 9063
3434 4167
3697 875
637 6162
4057 9269
5869 9362
9699 3954
9194 8322
289 5373
593 1228
6408 3697
4822 6044
6419 1307
831 1073
7090 6091
8797 8308
4900 1544
9764 4982
4213 2830
3620 7924
5462 7422
9211 2422
8127 9010
2788 4045
7736 8811
619 7918
5336 5185
9981 1812
2292 5578
1440 4360
6716 7857
4336 3251
5640 5387
6853 3008
5127 9332
7722 8460
5805 2729
8501 3142
8981 5465
2287 3777
5279 1849
4647 6373
868 6993
8284 428
9556 3003
5318 323
9131 3445
517 9410
6672 3571
1673 7355
3301 1745
9920 3992
5833 3969
9592 2120
2967 9942
6685 9863
4309 3605
1314 8743
9622 2081
4746 6152
2922 1980
8401 2835
1477 1604
4512 7692
6481 4850
7590 5375
4805 3330
400 3086
3839 4397
3132 7016
8969 9479
3202 5834
951 4637
9008 5875
9497 3373
8275 5672
7290 9351
7488 3242
1743 8912
3376 5799
3021 1996
7365 5517
2822 5686
9791 1837
2128 3591
3439 4268
2841 1583
9464 1227
1266 8965
5977 8097
5915 2702
8163 4453
9801 8001
975 1508
1276 3218
6421 2072
6495 3588
703 7438
7906 9487
8308 9282
8285 5041
239 6356
2690 4262
2370 7326
5414 1803
3270 5482
6414 7463
8461 912
3088 2921
4474 8794
2172 9725
4753 5875
3321 81
1285 458
9913 1051
9234 1546
4110 1267
6237 8956
5119 7132
6463 5300
8257 1735
7727 3723
1086 1707
1875 7388
8990 6865
1457 6390
9338 9848
123 4033
7138 4210
721 4147
1148 836
8295 393
1331 3163
3907 5577
6268 2655
7118 570
9135 6595
2018 6752
6252 5965
750 8369
386 6236
8897 466
2602 8310
2957 6396
3308 6204
8521 3389
1700 7380
3645 3984
3060 7491
3711 6719
6213 221
2577 9784
9506 3119
6220 7461
8005 10
2230 920
4614 3561
9625 8890
1696 4810
2208 4844
9182 3745
5939 779
3007 8344
119 9787
16 4395
9863 3258
5886 5137
5244 6400
8989 1287
6835 3874
9609 9295
6353 8082
4699 3396
5018 7004
2736 8621
7589 2675
5791 252
7013 4767
2711 7670
1550 1160
5795 8604
5100 6171
670 3896
9807 1860
2765 5333
4017 7686
423 2904
117 5816
1486 437
4635 6675
1802 8186
2565 2366
4660 4973
5238 1424
6947 3194
7005 4498
2414 6671
2910 6627
5632 1780
3989 501
3391 3393
6220 2360
3029 9562
4722 8393
291 8631
3280 6687
7056 9873
6147 2730
4785 7937
1759 7609
1901 192
9153 6329
4655 6635
7095 65
4608 5806
453 972
3842 5120
8607 7845
6739 4803
9558 4652
3669 5975
2730 1171
5621 8172
5878 8416
7488 4188
4357 7501
9831 852
6054 1129
2784 4071
5902 4489
7229 9657
2450 9108
8237 7128
7662 3419
9120 8179
8352 1497
6039 3565
2519 2745
2494 4060
9850 5230
3106 9722
3663 8469
5079 6361
8907 2283
9468 9403
2150 740
3465 9705
7891 3694
8271 2647
2034 2693
9769 7424
5167 6692
6326 8188
1849 5316
5027 3489
1339 7619
4661 162
1749 8385
712 8873
2667 4201
3835 7751
4587 3421
4469 7211
5695 1324
7966 4382
1513 9008
268 712
7712 5236
7029 8015
8774 9074
5395 8210
7922 787
2883 4270
7727 6810
1817 5281
7123 2497
9167 7217
622 875
2719 8862
4671 1540
6725 529
4303 4554
5649 4637
6431 4500
8212 3390
1479 9301
2001 9576
1319 630
5459 4361
4267 6676
8983 2844
9587 8529
719 3854
6259 4764
6121 6458
7827 9138
9044 3530
7396 8600
3701 7134
592 7987
4071 5274
2315 3222
4146 1022
8982 8923
4479 8252
5241 1272
8832 9171
6463 4533
7213 4422
48 9510
5030 4343
739 7279
7683 1991
1448 9162
5258 3980
5764 9659
2140 7834
8004 848
4937 3928
8930 8961
921 9027
8913 2767
5916 8795
6175 222
9953 9511
8178 9833
4443 9502
1419 4574
960 3290
4910 1072
7190 6731
1238 2320
1339 559
1736 1693
1478 2054
4532 1943
6354 4110
2026 2285
1474 4393
3780 7641
2920 3617
3681 7883
2984 246
4695 922
5485 9922
540 4389
5471 7764
8319 325
9555 9403
5737 7086
3938 209
7855 6076
1608 3702
5310 2052
8502 8244
7044 9749
3990 9538
9150 5234
2695 9823
432 7353
9707 3816
6315 5921
6990 3382
1761 1748
5108 7771
4635 9991
528 3666
9900 2386
5280 5550
3325 3045
2254 569
3218 9688
9345 4018
9398 1762
1706 9448
5602 1683
2194 9399
8967 2610
1792 8687
5076 7984
1510 7887
5866 6906
2853 6868
2465 2944
8922 1430
8406 7375
6042 2560
5404 778
6271 7924
1662 4500
1177 9680
6081 5064
408 284
1416 5897
7338 4294
6308 7785
2898 9907
4393 9293
3000 6682
762 6554
8125 7886
6003 7113
7192 8790
5283 6827
6734 4632
9057 2522
4552 4504
2981 5774
9547 4865
9720 4543
7667 7811
1437 6680
1648 6586
1797 8840
4258 4817
9903 6654
8752 6299
9445 7429
185 6863
6023 1326
2878 260
995 7854
4268 7527
4982 3841
1708 4630
6897 5238
3708 1107
6665 9593
7614 3331
20 8979
8672 7998
9398 6829
5148 9893
8419 6324
3051 1667
2020 688
911 6960
3961 1564
9305 5957
9516 8782
2636 2430
1076 2060
6194 2648
5021 4366
5414 2131
7577 5982
1666 5403
3693 8747
2506 6112
4063 5346
8868 9837
1693 7397
1082 7294
84 4505
8236 6611
5676 4477
1442 1810
6610 1675
5815 8497
1865 1634
3810 4392
9617 1925
9612 864
947 8082
1606 7633
4271 6314
6666 7504
9182 30
6085 1692
5431 7951
2041 8132
8733 7976
3751 6802
4415 3277
1400 2234
8078 3109
4628 9924
8600 6755
998 3996
548 4840
1711 6962
9217 776
8027 6992
1193 8231
5665 8223
8853 1472
4184 3387
1011 1479
1057 4784
2210 4045
1898 6171
6096 8098
2920 8530
6095 2412
3238 8297
1054 9816
1381 9812
5356 1766
5077 842
8434 8708
4800 9002
1761 7861
7441 5786
9071 4276
1403 5091
4166 7998
5153 842
2146 7889
5716 1673
1812 8418
42 274
9320 9774
153 5045
6407 8955
1012 179
4202 3605
1808 7506
5921 8018
1720 5527
110 1571
2560 4596
3690 5541
8139 7640
3530 5789
7558 9358
3913 4673
5387 4779
2880 1731
9493 1368
8542 1495
8771 4323
2530 8949
7210 9291
7861 8708
3680 4281
9346 4911
2724 5103
5463 8531
809 5007
4063 5781
6693 6136
159 5763
9626 8436
6911 4307
965 2280
3202 4796
1771 3899
1758 6879
9318 4875
7508 3342
4420 4278
5471 4196
6657 1596
2797 4423
4330 5172
320 1330
5660 6697
89 2064
5176 6668
5086 6335
5678 6633
5498 7295
2061 1571
2876 9535
7365 7940
9764 9742
5466 4390
2316 71
5509 131
7884 8144
4992 9977
9829 9415
809 6756
2651 5072
1240 159
5598 7382
3930 2868
1787 498
594 3946
9869 798
6307 7595
2398 7012
939 5117
1202 8794
1027 2513
7020 5406
8739 8499
7034 6492
6017 7780
2058 8779
7342 4473
1542 1830
564 5103
8518 6076
4512 5852
2386 3836
644 8779
3406 239
6438 4929
5368 2258
7628 3956
28 6639
5416 7476
8691 9464
1069 9
7625 8547
5589 4319
3821 7325
4835 5654
3909 8711
7113 8689
2209 4828
6459 4136
2471 3487
4454 9789
133 6639
2936 192
9773 8958
4170 4591
1765 1955
275 3906
997 8734
2365 1631
951 2381
7045 4435
5244 3823
1942 9410
2819 7930
3661 7589
109 982
314 4271
2118 2573
2846 7597
7730 3275
3145 3418
5615 3574
8488 1220
8824 1233
772 9482
2405 7690
539 5189
2715 448
4982 5712
1204 4697
2419 265
3141 9857
618 2730
5084 951
6146 6044
3241 8757
746 1285
7623 1284
1828 1748
7492 34
9711 5233
9266 1459
8638 1469
1113 3539
1652 1913
7010 8546
9280 6594
7585 6538
183 7479
6876 3931
1582 7919
8551 8636
1145 1734
8458 3563
617 3565
8094 2955
1630 7367
6603 9033
5436 5398
6203 2714
1439 9425
1255 8340
3549 7698
5486 3135
295 8212
429 7901
7846 854
343 8738
9389 7364
2149 2297
5160 1043
4880 5456
2854 3754
3168 1978
9721 8924
4404 804
3141 577
535 4433
7159 9370
8805 2097
2782 4155
9536 3640
5286 1546
7758 9616
8729 1350
3407 332
3621 901
4038 4619
811 4398
8244 4088
7707 8125
9045 6506
5661 6248
3773 5472
7373 9060
6236 8957
3580 490
9544 2541
4117 9440
4516 220
1210 5470
7706 4557
9585 8407
2055 8597
1616 8383
9816 8673
1581 3120
1563 2092
6448 3230
3866 6526
5998 6863
4256 3707
6763 2150
719 7910
765 6110
1912 9288
9553 8096
3622 501
3830 3831
9612 8365
8889 4227
4853 3156
5613 9283
8796 6593
6437 2668
1985 5401
9913 4388
9464 95
9880 7172
5877 3665
8016 3036
4189 4018
7059 817
3824 3124
7695 3076
2996 7373
2413 2753
3140 6258
1040 4769
5070 6572
4119 9643
817 6008
1969 2456
6337 5589
5728 2603
9993 7754
7308 6957
499 8431
3129 2199
396 8255
4614 7140
5234 9044
2134 7346
2338 6669
602 1758
7461 3696
5629 2496
1295 9307
4613 1111
1648 7428
5749 46
4683 4768
4543 2811
6986 5844
3329 3088
5753 585
3245 9136
7472 2867
7223 4294
8737 685
4905 7113
492 8623
8076 9411
4239 4667
8121 3812
1672 5113
141 147
6531 7322
3142 7949
3148 7436
2409 3801
5114 556
2579 9073
8774 1866
1634 2150
3159 8762
5632 5959
4867 4309
4858 3256
1626 5990
5068 2273
5023 2457
408 1574
6043 4789
3512 359
9225 9516
5371 1263
4149 3864
5957 4421
2614 2651
1809 8159
2770 9714
4413 8172
5838 2300
5516 1743
1437 4570
1447 833
6259 8182
7734 8086
4963 4593
5034 5537
2102 1798
6886 9823
1322 4150
4235 3453
2790 1485
2893 5438
8370 582
6550 3113
8859 212
3730 8289
7119 4441
599 5806
2032 3716
7062 4485
7357 9574
3314 7991
2888 9662
9703 3628
7932 6769
6053 3372
6473 7327
1350 7557
2581 8464
9038 5681
5224 8585
7769 8124
2347 4480
5504 7257
4750 2165
1053 1699
6106 9116
8666 7338
4380 3110
5908 9642
1762 1845
98 3665
512 2738
5731 3149
7335 5582
5204 5607
1202 2458
3361 931
4889 1922
4361 6220
3289 7095
5793 9508
8055 4732
3342 9323
2747 1419
7637 9376
8727 7043
6493 7394
468 9509
4186 7111
845 2058
1350 2170
5025 5844
9041 3997
2563 475
5907 2632
2792 3991
6818 6589
4285 6886
5224 4176
3256 3505
6740 8213
9082 1598
5929 7987
8744 3432
3770 376
4829 7180
7952 3092
9738 9965
4571 1683
6158 2358
7386 3352
2373 3026
6981 438
8192 5334
827 7711
1247 9824
10000 352
3307 3943
9367 573
2937 7004
694 2826
9599 6875
7166 9564
9320 7930
6050 3477
9103 4645
8342 3222
4959 1207
8165 2418
3392 9346
9226 2492
3635 8911
4220 2202
2739 5494
4778 6334
3074 5428
8168 1234
9548 8690
5875 4269
1485 5941
311 9956
4569 4708
1101 2358
9302 6959
9749 8923
5875 1379
5982 1900
1887 3892
9930 6696
4468 657
4907 7358
1651 6741
4152 4565
8386 263
9850 473
4371 3618
4825 6147
8253 9415
1691 2570
7772 8879
7768 3228
7508 2699
724 2965
1230 5223
2727 5439
4727 5440
4598 6863
9494 3035
6980 76
2523 6774
3059 8493
2802 6656
4696 3211
9419 2692
4826 5921
9785 6570
6262 5128
5011 1185
3964 9760
9487 4896
7108 89
3748 5796
7293 8924
5722 8666
3391 3127
4657 6488
94 7187
1180 1078
6783 1933
1931 3611
4533 6602
8777 1620
7698 1579
3512 3728
501 1299
6951 5951
3031 2968
9345 6757
7008 9166
5300 7165
5000 3160
5994 2595
6732 6138
9045 4040
6062 492
5934 2081
919 2840
4642 9122
1316 8123
4527 9606
1553 2728
5848 5013
1529 7578
8974 3815
8907 657
8045 3617
8508 7634
8629 8097
3965 5971
8574 8108
5231 355
4561 1647
4876 6969
6953 8089
173 4415
378 8606
5706 3849
3442 7710
7595 5639
8127 5061
5062 9554
6709 5107
2642 4982
9916 3369
420 9559
5417 7628
6059 9719
9017 815
839 9227
918 8056
1610 4556
658 4890
9927 6346
17 9401
6509 2253
4788 487
7685 7024
4105 479
252 8466
1006 3152
4834 1441
7752 2350
5705 1994
9313 4485
9214 8184
1647 6507
9977 4435
7550 1172
9038 9474
6763 9748
7880 3991
8841 3572
6070 7126
1193 70
7070 1839
3766 1635
2110 3387
6110 3451
3135 4516
5723 5254
3334 9246
5157 9221
784 5206
246 9864
3818 1378
9419 1502
880 7271
5081 9754
8831 3069
456 5793
6963 487
8032 7083
4675 3653
6541 7507
2313 4700
3231 2189
9214 2013
1909 3772
4110 156
3493 890
9248 5544
3859 9344
2822 9221
9789 3509
5201 1370
9567 710
3100 357
2489 8429
2322 4863
149 4994
3992 3149
1843 3966
3160 9436
6454 738
2315 7654
3119 5493
8226 4993
7657 3687
509 4999
4837 8690
3464 1232
3218 2994
9281 5485
1407 5473
589 583
3584 7929
6989 6687
5655 2596
7720 4330
6234 7027
5172 3398
8494 4341
4530 195
3889 5217
3235 2
196 5912
7498 8113
9394 5660
3583 5134
3738 3866
8440 8120
9875 8940
2791 4749
5809 8834
5089 6091
9106 9380
2536 9695
3801 9137
1359 548
9479 1119
2076 8864
1259 4887
5952 4641
8995 8982
3266 2441
326 2277
8900 1493
3873 2965
744 6130
1415 1957
2184 5977
3857 7771
8485 8052
5692 9044
8941 747
3129 6668
1218 7555
5255 3593
5849 8080
6089 2716
1494 9752
7936 1609
145 4874
7093 7195
5010 819
1590 6593
6088 3957
6267 291
2256 7153
9542 5036
8410 8263
7242 1606
6285 7979
3698 3915
2273 2813
4679 9304
1647 5899
5923 2044
6375 6395
2660 5159
8679 6795
6174 9231
5333 7382
256 1940
8349 2360
1405 5675
5565 6562
2779 6060
170 7274
3337 7660
4581 5665
3136 3552
7868 1600
3553 7078
350 5770
3923 7494
4917 6415
3631 1402
265 4499
7737 3541
2684 2988
7026 2660
9531 291
1720 3009
6728 7143
9905 8557
7535 5573
8147 6863
4760 1998
7225 8781
3170 8077
5237 5619
594 6777
299 7804
5447 309
4918 3802
8174 2972
3755 2337
5676 5215
9551 84
2033 2271
7350 7580
1844 4336
8539 4828
8592 606
600 1482
8869 7839
9999 8189
117 559
4241 1152
3635 1865
273 793
686 7508
3127 3908
4836 9370
8438 3717
9342 83
3684 5618
5277 3741
6131 1002
8527 8153
325 4644
8482 996
6476 1677
6823 5207
7942 817
9357 351
2706 1190
9263 2717
1646 3469
1960 8555
8363 9625
6106 1112
5026 1913
9638 3131
3879 8263
8619 5536
7876 5459
6844 7932
2009 4560
4261 3034
7049 5071
4302 661
8628 5535
6384 7925
1657 9615
8035 1421
9193 6273
1423 4660
9448 2690
9248 8002
2647 2953
4715 3298
6779 6657
3317 1754
175 4361
5448 4453
954 6385
5042 96
6185 9135
2690 3942
5436 698
7206 9013
6179 3738
8675 7884
7984 775
8009 6777
4939 1071
6459 6676
927 6314
3441 5193
8446 528
9602 7072
7154 1906
1432 1138
7727 6310
9255 5279
3363 6283
7738 5647
3933 3338
5423 8116
5337 4116
4428 3759
3884 8801
5416 601
2994 2281
2345 1440
1536 2922
1981 5487
4211 7528
3755 6553
298 210
9220 2877
1424 7253
4024 7149
377 1554
2360 5158
8546 2713
9440 6558
2196 4195
7489 520
8228 1092
3173 382
6699 972
1995 5916
8377 7109
977 7426
8650 6359
2380 3656
6729 2158
7850 6467
1263 9341
4275 8826
6157 8335
1151 954
9725 9385
8284 1425
5155 3946
6181 5282
4307 4055
8776 816
7360 4506
2294 7394
8033 3684
3285 7284
3732 4948
4196 3217
7616 4611
8284 8982
2660 5275
5652 1975
9008 9252
2510 5399
24 2872
4375 9676
7336 1979
2753 2474
1443 8466
5704 3309
8273 1451
5209 3596
141 2138
1470 6480
4938 7954
6888 5774
8199 8608
3906 2203
7492 5223
4678 276
932 5522
9525 1944
6683 3995
5867 5996
8166 3340
4805 3862
8414 7582
9714 4052
2303 2629
8271 433
2245 1461
3979 8466
1512 8835
1219 168
3975 3078
3908 8940
8587 3759
6377 1198
6664 5860
533 658
6497 6901
8896 5983
8001 4251
5632 139
3588 7653
1531 1940
6855 6248
1029 7807
2946 5904
581 5870
9574 9992
198 4643
6668 5085
623 4829
2312 649
4861 7070
4718 7496
6250 8751
5474 9451
1167 3316
3405 6649
3312 8020
3354 8687
5639 2430
8941 7673
8376 3206
628 722
2798 647
3139 1046
8350 8818
8218 4006
6040 6674
7050 7460
324 3261
2308 9762
8508 5887
662 7904
2472 9223
9806 4499
6436 6716
9773 6311
4535 8924
6889 1626
349 1279
5690 6836
618 5097
9160 3878
868 1433
1195 5772
2121 8915
5948 1804
6921 2066
676 9518
7751 7172
5168 9869
5027 8224
638 8955
4041 5757
6356 6282
6473 9695
8247 4937
8331 9600
2279 8599
5528 8381
6135 6565
2717 3854
5553 7255
6323 1507
7714 9620
9059 751
3005 2390
3716 6269
3687 8176
7479 6989
8982 6631
8777 903
7965 7648
9149 8491
9999 3374
2739 2090
8223 2000
1553 3907
1795 5416
955 3112
958 4838
3633 4523
8261 9146
5545 51
276 6096
68 7387
4589 874
1239 7580
4978 4901
6839 4587
2067 2070
9845 7906
1706 7385
5556 3279
9679 5185
8028 7588
5482 3071
3753 8484
5048 9809
6559 5578
4498 8420
62 8548
6087 144
8292 1308
6248 4629
7639 3991
8006 6084
1120 6746
2016 838
8580 9102
8802 9720
8721 4459
6917 2401
1959 7452
7884 3460
2464 8434
3286 9966
808 8907
8985 413
5845 4258
7516 8418
4894 1817
5259 9342
1013 7615
8115 2034
3451 5620
3791 9926
9582 2340
1373 2574
9666 7433
4365 4412
6413 6987
3049 8161
4997 2944
3274 92
793 7923
7545 8787
643 2468
8661 1867
1025 8489
3606 7461
7118 605
3624 3381
1910 8558
7454 4271
5678 7760
7183 2808
8150 3068
2205 2408
6173 7412
9792 7930
1724 6168
8869 4689
3257 3655
5823 2329
1302 630
4169 5224
7331 7967
245 2283
7666 1046
540 3108
248 1432
167 129
3777 1259
3597 7658
9610 3632
6685 1551
3810 8652
2979 4128
4021 8941
2328 1422
8484 1884
3800 1121
3461 4149
9531 9947
7989 3569
7558 9047
4360 2469
4582 4852
5200 9946
8715 9642
2348 723
2334 7758
3955 5221
2234 4708
5087 854
5256 4246
1597 4461
7206 6696
7597 8069
7861 4510
4122 7132
5651 3768
4220 176
183 824
5715 3997
145 5809
8405 1592
1459 8596
301 7455
2587 8246
1252 5038
1023 9716
8522 3009
7356 756
8828 2343
2152 9958
7807 1702
5119 8498
7748 5908
7605 1340
3888 5233
5210 8735
6795 5471
8201 2781
6445 9155
4513 9444
4767 5144
968 3475
8179 4810
7230 1362
3843 3109
142 7483
5887 5908
9070 8553
9695 2810
374 9553
4973 4494
7712 901
7451 699
1712 408
5920 1907
2212 7242
1881 1891
7607 6005
994 9215
5892 6745
3500 7807
7738 3866
3196 5497
3489 6645
1029 5690
6604 8648
8570 8042
6347 2391
6675 9197
1256 193
9699 9057
4486 3595
4503 395
8887 7097
8148 3417
7092 7882
5637 8038
5306 1748
2970 6692
5919 4251
638 2838
5576 6792
5806 2542
166 1265
678 180
1936 3127
6904 9225
1092 7458
571 2639
911 1226
8748 4460
2355 2909
5762 9338
3221 2685
7177 3488
7921 6142
2520 2381
9289 238
3223 1970
7539 6998
4553 1782
6028 9679
441 5282
2074 6540
498 2372
4449 5803
1782 7303
1627 6653
9299 8394
5118 7965
5547 2261
5959 9789
5542 8752
1175 2288
9058 7651
5061 1059
8060 6048
3716 8263
6121 7707
4955 3742
1406 5
1032 1062
4346 8276
1941 202
9117 6137
204 5491
9845 3463
812 4899
8432 1516
6141 401
972 5922
8881 5117
2307 712
7873 9249
1106 830
6974 6439
1396 5872
8540 1081
9541 4476
5658 8702
9024 8089
4191 9238
7257 2970
1893 9010
6364 1880
1148 2634
4404 353
5585 1064
1803 1131
5600 2904
8329 1488
4238 4168
6530 2072
494 8250
6524 8179
2807 8051
5967 8460
5278 9427
4271 9317
1470 9133
7407 3902
8329 8422
5318 7936
6064 7628
2038 9102
2283 1253
4304 4331
140 3851
1383 9834
3822 8274
1952 8219
2841 8156
3291 9627
7755 6393
5862 2034
3178 3817
735 321
5706 1315
6718 9849
3597 3890
7381 5461
2215 1955
8357 2733
6443 4289
7630 1785
6423 7546
6506 5541
6001 6615
9 3586
5588 3479
2252 9245
95 7355
41 8573
7628 2052
2260 7624
6751 3260
6228 769
5574 1289
8366 8125
494 1793
2179 9861
8652 2753
5208 4437
3958 1013
7722 8259
7130 4368
2415 2218
849 2279
2675 913
8578 7187
121 564
2758 2338
9710 1546
2341 6135
8138 5835
6922 3232
8885 5781
9889 53
5331 5476
57 2524
1364 1767
3234 7190
5937 7343
1087 4570
8021 8271
3413 506
5981 9775
1958 201
9305 9959
5564 5535
8958 1611
9703 8136
4841 5491
7401 7113
3407 9216
1348 8499
6330 6705
9890 8978
5050 785
8279 879
1599 3555
6715 2872
6067 8599
7798 5395
5444 3542
5777 8980
4225 3337
5590 4702
5795 6652
9506 2215
5951 1022
2188 2158
2127 7520
5965 8583
3722 5466
4105 4364
2586 5819
863 2154
6087 5283
5740 5684
8207 4814
6070 532
8548 723
8999 6101
7698 9726
6260 7054
9925 2174
3119 1355
1543 9526
5273 7423
5509 3402
5533 3456
260 9212
6761 7067
9924 2102
8188 9329
8177 783
8961 5000
5037 9890
1812 4042
1557 9083
523 8072
9072 9987
5725 7672
5376 4721
5288 298
6979 9904
2111 6808
9757 9042
6428 9549
1347 1689
9334 7881
2244 9962
5196 8423
3835 388
7943 9978
3518 3341
5835 6406
9344 2673
2745 2949
8167 6255
6449 7280
1924 2096
8967 7743
6579 4724
2644 2459
3001 5057
6965 8194
9157 842
1665 3350
9796 2399
6823 6783
1096 5059
6422 1847
7236 4977
5226 4969
8856 3386
4228 1965
6539 894
1516 3671
4992 1569
2710 1594
2962 4331
9561 7250
8211 6098
1039 5143
8166 9722
7649 7876
7747 587
4214 8766
9669 9130
8470 1429
1909 5356
5873 5915
3352 4371
3992 7578
7238 2555
4148 4312
5224 2519
438 5321
7760 4249
3864 4003
4057 6360
2346 693
101 2321
5933 4610
626 6544
1482 5511
6331 7089
8430 5305
5998 2039
9632 3144
7516 8306
1675 9738
8034 5981
9132 7516
5540 4459
7598 7506
2068 3111
9165 6251
8309 3409
8819 8453
5792 7736
9718 1123
7811 4934
1753 6744
9123 5655
7692 637
7334 3254
2233 1908
6187 8576
5628 561
1908 3401
623 5845
2980 4714
6877 2536
1415 5094
8543 9139
7188 3067
5204 1519
6579 1250
1162 1374
3293 3651
4915 6887
2733 8874
613 980
6754 8658
5312 2076
5565 439
1174 2539
6707 6434
7137 5457
47 4105
1484 5782
546 746
5397 5676
5210 4859
7303 8952
5268 3813
3655 5878
8656 3878
236 2618
7051 5515
9593 8273
5132 9927
7079 382
5528 1935
3535 9043
9089 8783
4267 8319
6744 3734
2953 8559
6319 5259
2018 8770
4251 5939
8617 2447
9826 8732
3270 1541
4035 3434
8679 494
4889 5516
4720 9394
2993 8786
2839 450
5475 7090
673 1546
2117 1311
401 1592
1764 4238
6264 9147
8724 2851
1574 4720
4328 1214
6048 8347
5639 1308
8063 9030
3054 2165
128 3987
4828 3506
7181 5099
1250 8074
8987 3045
9895 973
4716 8414
2542 5468
4309 1731
8064 5575
8491 393
18 9485
1776 5486
757 6013
1143 5049
3173 7110
9533 7153
427 6928
5033 791
2025 2653
4381 4494
4419 3836
7057 3135
7958 5535
4749 5925
4055 4530
9906 8309
7868 3932
631 8316
5680 7244
8725 4306
5188 2884
5162 7856
472 9968
7755 8182
1332 1789
3661 9013
9418 133
8968 2288
7498 4016
5363 6617
8183 850
4369 5076
6021 9739
6306 6251
2311 5200
3677 6616
1361 4344
1599 6491
2062 4713
5986 7470
4686 1109
7952 1291
2524 9415
3561 6260
8003 7460
2382 1737
9806 8863
3614 8439
3385 1881
658 8777
6010 1524
304 6206
2421 7080
7329 56
2774 2571
1557 8210
9581 5731
9614 3836
9203 5177
1319 8256
9782 3521
3550 6947
5275 4350
4459 7599
7013 8274
3389 5798
8622 4953
9612 8006
6049 672
8471 7400
3725 5883
7703 5859
7762 2287
9746 5418
7179 4663
7253 4102
2131 8214
2252 2922
4485 6118
9965 8953
6059 8865
3010 9265
8359 5412
3469 2806
8880 3972
4943 8807
3116 6541
5488 3757
6544 8553
3012 3572
116 936
8270 2950
1746 1011
7211 7388
1194 5008
6592 8729
6509 8628
260 629
9974 4880
464 9101
5939 1354
2093 7733
2881 1369
2240 6001
5497 3366
7113 7408
4034 6990
8285 8878
9593 6631
3318 2215
2115 6626
3202 9405
5750 2645
3500 9097
162 2127
6217 4233
7156 3552
7441 8554
8820 9677
2025 2541
1162 2415
7193 475
5175 3035
5383 7959
8897 7811
2332 7716
9490 2219
4804 4767
9784 9336
7108 568
2031 8442
9950 9657
1917 1655
6321 5531
4654 896
1121 6256
5251 8454
6944 6842
3571 4360
5800 9956
8868 1857
7539 2183
9336 9053
9983 561
9171 7629
2315 5459
732 5067
5735 3185
6589 453
5563 434
9176 8189
8549 5293
5307 8617
3455 5744
7571 7706
9398 2675
6225 6309
6268 3014
3085 2850
2892 2878
1894 3127
6389 2141
1924 623
4033 4281
5022 5377
1358 4833
1402 5437
5257 5481
5829 7513
3926 9270
2427 4645
1113 2327
7168 3180
1273 6338
5 3073
8544 8009
3297 1647
784 3835
7365 6620
3653 6290
8140 5447
5642 4063
2366 3085
5354 6310
7928 6104
5957 3851
4335 134
9814 7033
9375 4247
9617 394
8681 2271
5883 2187
9462 636
293 5899
8155 402
500 2401
2801 6362
380 796
6761 1023
8285 1520
7808 6880
4732 2528
7811 8971
7444 2420
8511 9032
3870 8556
5966 2127
2639 8204
1499 7766
2264 4512
1293 2283
3272 8087
9607 3992
2743 4163
4286 7239
1002 3408
4121 7750
3823 9527
1250 9117
5536 2379
9009 6259
2401 6072
2348 4289
8704 6745
8186 782
4207 6410
8301 2874
7401 8186
4739 3780
1163 3799
6011 8943
6818 9106
5943 6900
3248 4275
3114 3050
8192 3951
3994 7764
2224 8322
9364 7452
7627 4480
9739 3892
4845 9926
348 3903
3068 3280
5010 2951
1581 1554
5790 2275
6785 4597
8747 2698
6995 2464
1329 3155
3137 8319
3502 636
6092 2018
2998 1339
7938 4487
9629 3913
7680 7690
3490 6904
4425 6648
7267 1991
7047 3925
5260 4507
7600 3039
3542 1882
2670 8004
954 4421
6290 480
7834 3732
2638 2736
7272 7600
3553 2716
3483 3596
1838 5562
2129 567
7265 1901
355 9998
649 108
9275 7798
768 9247
6818 2696
6601 3796
8942 3031
1590 7199
445 5344
8612 991
700 1607
5100 4145
4987 501
3368 8995
1848 2740
5210 2602
9835 937
3134 941
9198 7556
9032 1227
7561 3112
1662 4484
8937 1564
6315 8018
5443 3064
1592 3322
1525 2482
5194 4290
4873 7955
2130 937
7798 9429
5667 2256
5285 7472
83 6782
3771 9420
7343 9070
3596 7285
9245 2770
8367 7045
8792 1685
6939 8199
4656 4259
7623 1235
5102 2122
3013 40
4179 6638
7153 6612
3614 9559
4259 5247
801 961
5875 1325
5633 6226
793 6552
918 2994
5229 8434
3358 1760
3875 6165
5889 4539
6458 9968
7878 4064
3993 2983
5148 7487
7466 8208
7572 3963
1457 2413
3218 9909
7318 9542
5588 2385
8973 5009
1323 3217
6190 5388
3070 1264
5254 4226
6262 1956
2885 8703
1812 8528
1054 6447
8213 6949
2150 3387
280 919
1739 8276
2911 9373
8411 2426
1475 6037
1680 6138
5638 676
2366 5964
4090 4473
1645 8865
6587 6049
4235 535
4841 5174
1094 4860
3433 2558
1564 1698
6740 5040
7086 6169
2771 6069
2125 7793
4942 3216
6880 284
4226 2291
5116 324
8899 8096
6274 9310
1544 8669
6395 5978
8463 8831
3089 3918
5979 8026
8257 3663
4764 840
2212 4899
6939 4736
1173 1421
3193 1110
8500 1850
6418 9598
9913 8012
8528 8267
2889 3288
9831 7502
4518 3112
1829 2034
1304 4575
2771 2368
9043 9861
7251 4983
3446 1376
2314 4292
5957 1803
7320 5612
7114 4892
9691 4852
3407 1204
6896 927
5643 7413
8396 4527
8429 5025
4402 3957
5262 9910
8894 5528
7044 6076
5998 1109
8509 1795
3959 2567
5757 3937
9504 348
5714 631
155 7113
6113 8749
4358 33
5272 901
5943 9890
2382 64
3029 3425
5416 346
7540 3575
3063 6655
7528 5823
4994 2219
2153 5081
5790 2247
9980 1233
7426 9678
7270 4254
835 7772
5496 8590
5510 8812
7197 1488
9187 9768
4403 6428
8136 2550
3820 4191
5840 5811
7263 849
7264 7448
7721 1994
8177 6975
6900 4859
4611 4060
6015 1219
7066 4557
4538 9505
2467 8788
3387 679
1619 3221
7691 2336
5452 371
7051 6992
2071 7549
5907 1031
6758 1429
6214 5343
5578 137
3367 73
9800 5024
21 6462
9171 8447
6167 7907
5466 3720
3046 7762
517 6117
5668 9000
9524 5838
9874 3661
30 463
7956 1707
6253 7963
7732 2043
8699 3533
3540 7097
4968 2795
823 9044
8928 5020
1403 4339
3337 5390
1442 1811
2692 7184
8391 2943
7588 253
4490 5100
3393 3708
3096 2993
7339 9629
834 7885
127 5533
5838 4475
2039 8005
7547 1987
4069 1739
4254 2796
1057 3086
7842 4753
7509 8890
4872 109
7194 4296
3831 7112
8342 483
8451 9118
6147 3365
3618 282
8457 3542
9641 2154
1719 3468
5272 6022
1937 6638
9445 9373
2148 4220
3769 9139
5746 988
9226 4051
623 9992
3736 3384
6756 6813
6316 2479
3075 2367
5782 7666
2539 9359
9562 4420
6025 342
4447 6909
2181 1856
9813 5026
8934 5917
6505 4645
9539 3996
8518 6261
1124 3315
6059 3181
4698 9007
3242 7823
6135 6219
1626 6371
4877 583
4542 126
1003 6648
9758 6841
5879 9485
1763 9705
3836 147
5342 7936
6697 5163
2195 672
2409 8534
1416 219
3579 3454
7207 9598
8418 3510
9888 3138
2006 6953
8528 5050
4181 4062
7732 2163
4273 9677
8809 1388
1088 5193
2727 6695
3898 4560
3477 630
4034 3790
4200 895
2945 9990
8811 2021
7669 1465
2734 290
2680 3312
7359 841
4365 236
6468 1827
6163 9212
9599 1330
9497 8572
624 5140
6359 6277
7786 3675
4273 7221
1875 9247
2820 6369
3848 6779
4387 5196
375 117
9010 7142
5218 6263
1328 9981
6512 7137
4051 3869
5149 8697
6617 2310
7602 9457
2860 1203
4514 7383
6580 3484
7257 3373
5986 9952
2166 3887
7612 3222
4517 4658
2839 3003
6162 7481
9068 6281
4125 8555
1610 6807
9787 6048
7615 3578
9158 8962
4128 146
5817 8795
3504 2479
9973 6200
4590 4032
646 5729
8842 7698
7352 1414
3615 9183
1949 2587
2141 8897
4600 8220
1024 6646
3600 2880
9770 6172
6753 9000
4675 9869
6431 2314
6023 6565
2238 7246
4995 5268
9623 8962
6537 4672
9759 1567
2119 7877
3686 2506
655 8695
1583 9498
7922 716
4960 5848
1160 5711
9966 9627
315 6643
4181 7918
7308 7696
9227 528
6427 1213
7968 8415
7461 3515
2465 3860
6883 1842
3153 1728
8892 9923
3767 4005
6502 1140
7539 1335
5060 2470
2493 401
9289 6668
3406 4156
4046 9557
9987 9235
5735 7580
581 6093
855 6737
6295 117
3446 4815
8075 6222
5202 3425
6730 3391
5512 7242
6528 8365
9159 8516
5926 7750
1568 6353
9375 1215
7208 9083
8727 2639
6356 4975
3524 7178
9731 7380
4726 2030
9303 3958
6185 216
8579 3201
6447 4258
377 8374
8497 2433
6225 8969
2806 6888
6841 4654
9276 1062
6640 9426
8738 2123
6892 5707
4255 7780
2936 7956
6760 5519
493 2665
3428 6476
4458 3684
4431 4005
8129 754
5686 8988
6690 6331
5776 9348
9158 6850
2027 2760
8295 6731
9795 1063
6445 1803
8205 7208
6420 8057
8255 4160
8153 6221
4022 4576
2460 2300
2840 9882
4204 8176
5476 8065
3183 2613
9267 1473
3343 4323
2021 6542
9495 9578
3027 1574
9929 2975
4774 7685
3966 7001
1920 1617
2355 6960
739 6348
7174 9189
586 2983
4741 2324
7463 580
3638 8855
4882 1512
6503 4515
7244 2139
6901 4819
67 6556
7405 5546
5521 932
4347 4557
5337 6342
7550 7871
658 5754
2391 4225
5676 2882
4630 9311
1495 1974
2724 4140
7653 5043
9387 8991
8328 3782
9814 9740
9990 5239
8999 3054
5562 477
1219 1343
8018 6571
6171 4211
2751 3164
9876 5607
6626 8850
7175 3227
4080 3305
6156 7229
5027 607
8850 6356
5335 741
5825 8270
3619 5116
7466 6858
7909 7649
4000 1435
5986 4542
150 1416
3978 1734
5101 6772
4531 7962
2911 5741
5716 7654
1492 4861
2975 3328
6729 8983
3029 1310
1899 2819
1735 352
5758 1889
5575 9663
7209 1722
20 6172
1606 806
7498 4111
394 7401
7240 891
8010 9079
798 7131
3805 2758
6234 1402
5813 5054
2085 7219
5788 8624
650 3677
1249 6076
9054 7865
1561 8614
2973 3071
1181 2837
2753 5648
3880 497
9383 8179
41 3905
6858 7133
1783 4974
8127 1297
2223 8114
4724 4808
2421 1852
5792 4098
6699 973
763 3548
7806 9130
9539 2204
5553 6133
4962 1371
8691 8332
4971 2682
4873 4677
6490 7932
7610 6628
4557 7434
1622 4840
2932 1730
9441 9013
6746 3211
73 7691
6335 4987
3935 6838
5867 3030
1158 9719
6379 6648
6881 3329
6488 3317
3972 6492
1984 9576
647 5315
6398 4070
1566 7193
9930 9034
1911 2163
482 6337
133 2877
2439 6988
293 3017
6284 2960
9049 1397
2914 7324
6156 712
4062 8059
8134 7234
7048 9336
6616 8267
179 8815
8483 4171
768 5176
4128 5331
7821 6504
9611 4908
1854 7165
3244 4981
8414 6954
898 2813
6322 2126
3071 6203
240 2803
3706 4977
721 3486
3488 6992
9657 8435
6139 9363
7474 8979
6865 4910
1140 8538
2307 5447
5894 8050
1557 2294
1069 7661
4078 5151
1541 6608
6440 7906
2666 6920
297 1801
9633 5042
7256 14
7420 1950
8515 9919
5378 1875
3195 4109
2767 1268
2224 9356
8224 8089
2991 2123
5312 4519
7577 7618
8001 5600
8417 9903
3241 302
6116 3348
427 2696
7551 3857
4715 4397
3987 1214
5052 8018
208 9726
7248 5894
6942 7424
2584 2689
3465 4948
256 2905
1010 8988
4833 8159
5583 1957
7241 2938
6695 7296
9411 1346
9443 7257
5721 76
1123 8149
9779 2030
5619 3940
6723 2511
9086 5000
7375 2183
4547 8430
8095 9495
1107 6588
2553 1684
7205 7704
3885 4658
6035 7182
8218 1869
2602 2885
8087 7262
7212 8110
8737 4138
3340 3211
9666 2528
6332 7359
1 1730
9292 2129
4444 4325
6305 9245
8195 5763
7582 4865
54 8821
1315 5120
1925 8607
6480 6186
2855 3108
7703 6086
2490 7860
5104 2772
6550 5239
1784 5574
2736 6239
2197 9727
5525 1015
2831 8680
4495 4414
2372 7160
1494 9612
245 3849
3746 5137
6551 6521
8068 2333
9284 7805
9162 5764
3354 494
3353 5578
4370 8772
2660 7171
6355 1391
6977 3099
9532 5074
3954 1256
6979 7634
6946 9543
3514 811
8589 331
9368 3667
4744 2109
5057 4735
3503 2851
2581 2581
9240 3162
3353 2040
8285 6315
1831 6089
3869 9398
3397 6497
5146 9615
5901 5422
9638 4092
5295 6693
5938 3469
4551 4834
289 3222
8358 2874
1760 9476
8703 7585
7463 6067
9980 5359
9544 9897
8100 4545
1076 8379
4129 1017
6886 2914
6777 9087
7674 4572
6073 9357
2215 1545
2045 55
6772 9524
9376 8641
9687 6266
1369 4163
8090 5801
2398 3746
9250 8813
9874 2406
9274 4535
3800 9029
8500 3461
7319 6405
3239 1156
4060 6145
2891 6354
9987 1379
733 4392
2358 3337
1281 8847
6278 4846
6419 6102
802 3460
4629 9235
7657 4710
576 6346
9695 1167
6666 5484
3205 8190
8837 619
3719 9085
1041 1133
8444 1480
1174 6340
5930 1018
5819 111
8018 3295
6484 9660
6146 5495
2676 6594
3577 947
151 4445
9948 7822
2592 2169
5925 1098
5434 6778
7298 1038
2235 9698
6672 7280
3364 6804
3785 1962
3568 1147
5161 2927
2867 5816
7713 8025
2907 6963
8945 8401
5100 7509
9685 9454
3133 2418
9515 1092
9835 2296
6428 3855
3628 3595
1015 5567
7136 2855
4968 1772
756 7697
4070 2543
8202 87
3351 194
1886 6677
381 3572
7939 2393
2728 6702
305 5447
3118 5286
4998 7213
5555 3361
9522 1623
2476 4379
7693 8075
2351 2275
631 7544
4318 9829
9160 8741
4526 7649
5991 3109
3950 1719
1078 8531
397 5956
3258 5057
366 7355
9972 4062
93 9818
3287 4161
4544 4655
8093 5739
2253 6186
2248 7378
3510 2072
2264 1596
1629 2110
7200 9284
9643 9411
4498 1949
3481 7391
7344 6658
3203 6998
7744 759
2863 7596
6065 5630
4880 8208
6617 8490
8774 3437
7727 2070
4708 8747
5357 7659
1905 3346
3001 7184
1920 2244
9141 9512
5741 6131
3376 5924
3937 3325
8699 4236
8085 6681
4721 4783
9894 7970
6961 5279
4295 6535
4965 6289
9181 7444
778 7462
8149 2097
7018 9772
2528 7389
5282 2906
525 9039
2003 1275
7500 6499
293 9602
5163 3378
5973 3903
1782 517
6892 2327
7316 711
3405 7487
4128 9947
6045 395
1021 1747
2851 7535
4588 4043
7762 770
3077 3076
2501 8819
7803 7954
1350 4449
698 6259
61 5619
7801 2626
3889 3948
4165 1001
4056 9457
327 1638
3758 979
3707 2111
6685 2901
5499 8376
6235 6969
9616 4870
5509 744
8823 7638
4330 799
124 1554
7771 5628
4615 7382
3876 1706
8351 2676
3263 6502
875 2410
4990 1758
7655 638
5901 460
8297 9306
7410 1320
4797 1156
481 1605
2910 394
2396 8265
3757 4069
9158 1771
4945 5163
8147 9315
2917 5956
5705 7868
2218 9349
2564 969
5943 6625
6335 2666
3755 8531
4237 4173
2179 1530
2907 7458
8367 3848
5947 6623
1221 7251
2857 3152
1554 541
7224 8240
5005 146
4470 2363
6434 3689
7730 5268
4826 6797
1042 3737
2427 3774
5505 4618
3416 3742
2623 8574
3693 7663
661 3122
4291 7798
1153 7734
6121 6853
5820 3466
1552 5662
5596 2838
2573 2250
3727 2245
897 8270
2285 4660
3336 9232
8340 7901
2538 6894
6529 5665
4463 1643
7305 643
1428 3302
2592 6832
6376 5915
4025 8075
1316 5130
8205 7717
2307 385
2641 654
1632 9692
3004 454
8995 5731
3990 6197
938 9544
2365 8066
7885 9340
7542 4867
2147 9358
7820 129
1983 4302
4772 8132
6708 2988
6647 6889
7432 7616
8333 3550
9350 9653
680 5230
272 836
567 4921
2623 5151
4888 4659
9015 6841
1682 894
7456 5340
219 2662
9830 2941
7924 2705
5621 5523
467 1515
6384 4192
1408 3326
3957 1521
2991 6765
3641 2444
9857 4612
6963 4483
6708 9965
3953 7685
7027 7490
9280 3931
6499 8521
5590 5131
8273 2490
6727 7295
4717 6634
3348 9545
4473 1876
8531 6376
6518 5905
2167 1438
388 7913
619 6484
3800 3747
7098 3321
3851 7713
7020 4126
3208 7894
2535 1516
7538 2564
9804 6075
556 3943
4241 8300
6240 5381
3176 5023
94 5978
5910 1855
6176 3555
7002 8615
7856 1344
5751 5918
11 9480
5854 4260
5721 1887
8538 7577
9219 6063
8472 4699
7617 4145
5978 6449
4661 2818
7177 6392
2533 4298
8156 6106
270 5563
7995 3684
7661 62
8844 1592
5609 8161
9413 2594
578 8518
1322 4124
2411 282
2469 4247
9267 3435
5524 1662
8914 8395
9601 3897
7709 6270
954 8624
1497 7087
3943 4084
2986 3333
5692 3880
3902 2517
4979 7294
7409 1330
6583 6841
4188 9126
821 1
1478 3102
3119 516
6805 7831
9978 1303
5214 5771
9663 7181
237 3683
9598 1342
9261 6123
3711 9655
6542 2255
3496 4437
2492 5040
6377 1672
4758 5457
299 9352
9900 4829
3857 9730
6430 797
3276 3991
164 5814
456 7435
802 1610
8794 2701
5364 6744
339 5101
6632 9489
3993 9822
9613 3664
2667 4813
2261 7065
9247 3276
2178 520
3840 1306
2347 2723
5003 504
2681 163
6524 4596
5294 987
8365 5661
7330 5984
1623 1848
9696 3677
4389 9902
3088 7306
1878 1052
5290 7049
9385 3185
4174 2720
1081 1517
1638 6768
4427 1600
8058 8736
6975 8614
563 9368
8324 8778
6563 7022
2535 8185
3580 2572
9502 6655
9432 2914
9992 1762
3857 6308
1240 3288
7885 7341
9766 151
8605 8176
6253 8158
6701 8848
5594 2666
2468 6557
6772 7574
7224 8236
9049 6415
5709 8374
1890 947
4475 3419
7113 4053
7332 1007
8618 7879
6739 2382
5882 6927
4722 979
3614 4340
7942 7973
2155 2191
3680 6316
2099 3181
5038 7194
2454 7077
3822 7547
8891 6686
2674 3780
104 2868
8609 7071
4229 1907
58 4270
4308 6876
547 862
168 226
4891 7551
5229 2145
8975 6253
2142 9652
5084 6941
387 2459
2549 8927
2280 4549
8530 3236
1562 7056
1580 730
5360 6997
236 4680
220 7368
4304 4157
3423 991
9792 4319
1765 6834
7892 7377
5011 199
4821 5146
1804 9603
2606 1287
9466 5293
5928 9022
1837 3385
3265 6068
8650 126
5399 7592
1247 6781
9592 793
8076 3029
4392 2326
7169 2020
3346 563
1752 3108
5183 2686
1600 4909
5284 4423
2306 8628
6675 2215
4862 1663
8789 5809
371 566
2416 7117
6179 6104
1515 3166
6956 9328
3890 1638
577 1354
9780 8437
4470 5000
6970 5793
5751 5651
9680 5977
3490 9863
3618 9794
8127 1105
5289 5272
3986 5253
3126 6820
5281 4755
4199 9832
4324 9206
6925 7440
4636 6984
7872 1949
6109 1977
1943 8327
4237 5995
5437 8740
2831 1596
6492 2271
590 2606
2521 1828
4617 536
5738 4040
2997 3716
5384 9907
3336 5734
6758 8059
7140 4190
7149 2777
3734 5793
2474 1180
3166 3489
5182 2682
974 534
7051 8290
4999 3685
8526 4301
7188 4335
5989 4381
6991 5929
3360 4406
2188 9131
3476 4586
6799 4469
124 3104
8000 1383
9783 2976
5154 1078
8438 1762
9068 4930
9133 2885
3626 7972
5317 2883
5341 1517
7510 2896
9345 608
8597 2281
516 3307
9076 2748
966 5652
7438 8638
3732 1363
9011 8561
6982 9598
764 6240
3499 5158
7480 9100
5266 7892
6891 6007
213 2998
4769 1260
7492 5918
3566 9850
7914 587
5482 1335
6295 1442
8333 6452
5189 4902
1707 8076
2057 4450
5796 9741
2578 4025
3704 489
4698 4011
2700 718
5706 9602
8083 9030
3643 7701
2829 9690
652 3950
1551 518
3776 1539
7130 6986
3964 6709
294 6601
1730 1724
7671 5039
4061 5685
5449 2790
9532 1961
8448 3004
1388 226
6042 8476
2508 9259
3882 3164
6998 3584
2911 2508
6969 941
2779 9805
7014 7497
9947 4254
4540 3658
243 6891
5603 9173
2886 8174
3807 4584
5538 4507
313 5201
8129 6674
6409 8241
5736 60
3959 6608
5378 9933
1854 5851
8075 730
6028 6638
5502 2686
6723 511
5845 8598
9133 4974
3293 8918
5002 7006
657 3718
604 8940
765 1284
4815 3434
8807 580
431 8018
9624 9008
6824 9075
1776 7325
9518 2395
2382 4932
6699 5470
5750 4255
1274 7178
6114 4743
3762 9137
8113 1176
5097 557
3627 2895
9164 8658
4595 6157
5 2871
4227 743
5157 9229
2078 8846
9893 9424
6870 5785
3059 1526
3802 8379
6726 9398
6620 419
7620 1856
4119 4365
8809 7875
6164 1919
5986 8280
9928 2040
9893 7959
9621 5745
73 966
3992 851
9562 3787
4069 4548
5554 9305
7088 3853
844 9565
3403 1131
3768 7817
8088 341
4623 4633
8540 7824
2102 8595
9178 5793
8060 163
6246 8151
1217 8948
5900 2634
4378 8966
2999 5784
2270 5248
5656 9841
2541 9454
2345 4408
3570 6902
9765 4635
915 9441
4612 5066
3796 4284
3798 3837
3700 5084
2647 93
1969 1077
3257 8744
2313 7761
4651 2772
8821 851
1045 951
9246 4610
6821 9154
3683 6787
7765 9487
759 8084
6011 7532
52 7069
8224 1852
4900 192
7895 2762
8424 5666
6503 801
9592 3683
2477 1755
1240 9726
2183 7619
6948 8018
2378 5938
8530 8248
9805 8687
1298 1563
2920 2166
6466 53
1433 545
9966 8857
9443 1274
8676 314
1505 7662
5499 595
6344 8303
7292 5180
3770 6472
1966 295
7421 6412
7912 8526
7377 9453
8943 5929
3016 634
4809 5818
626 1090
8525 5201
4805 2987
7774 4237
1424 3824
7846 274
1687 124
1610 2162
3169 6707
4426 5951
4588 9703
6456 3763
6205 9613
6094 5161
914 2248
8904 7971
3028 7406
2339 1880
5932 9666
2807 7686
7473 171
1303 5605
9904 3314
4597 2706
5892 8255
4998 6907
8524 1890
3755 377
8652 5289
1010 9478
8913 8421
365 6643
9634 2138
3393 2734
8654 5957
5384 8481
3540 9815
9223 938
7537 4479
1831 6065
4428 9353
8761 912
2292 3631
1805 9411
5937 7829
1896 3224
896 6543
4099 3124
5649 2430
2296 8001
15 2498
303 4046
2674 7248
6285 3658
5431 1344
5575 9137
797 5139
139 858
8188 6670
1951 6458
6732 6834
1989 5712
9821 8140
9252 9528
5198 9800
2153 6258
5167 373
7950 3217
9463 3815
8514 9718
8422 2652
6560 267
297 1572
8511 4411
7795 4576
8990 8751
549 7341
953 1640
122 8364
2033 5054
2773 4097
5955 4139
1189 6513
9614 1534
4400 4266
7190 4687
5026 9393
4226 16
245 1504
3466 8073
9231 6366
1759 2563
1506 4735
6870 9190
7593 7726
4704 6894
5372 1587
1840 1921
1393 2659
8825 2148
7763 1633
4570 2693
5578 2950
8113 5410
5092 7670
5616 2118
2144 768
2777 864
4437 249
4083 435
3303 3571
4070 4961
7158 1726
9286 8038
8532 2920
543 9269
8954 4634
4376 3476
8410 2754
9880 3525
6889 3955
6669 1088
3792 2863
6300 4156
1215 6453
1076 5045
5316 2609
9398 8169
733 7728
3202 432
9747 4312
1320 3700
9545 8558
3445 82
5695 6327
6806 3454
3208 3973
689 2294
3609 8681
2814 3199
2648 560
7361 7446
5452 4433
338 1799
2829 8972
8099 5566
6161 9534
7987 7712
3988 960
9114 7820
7224 4695
9652 7460
9794 3584
9259 7852
6524 9838
6247 5333
8001 9700
7168 5032
1652 1738
7956 2726
364 5579
3829 531
7355 5043
272 445
6811 5186
9425 9926
5571 9674
7498 5655
9988 8229
3815 2638
712 9641
7455 4062
6764 909
4668 4837
7516 6436
2002 2451
5158 5487
8811 4504
1539 4025
1318 1447
3097 4247
7431 1569
8757 5993
2769 7505
3401 5123
9836 3078
1693 2529
8513 565
1326 9260
4127 5420
5656 635
8977 5267
8242 9338
6390 6058
5611 5484
6049 6846
8218 687
9950 7875
3030 6
2833 457
7822 8770
9261 5045
9857 4359
1688 8273
9958 9503
1468 1782
2729 8639
3618 6397
4892 3820
9213 5174
9028 4403
4187 2463
2017 1535
4651 9500
9936 7895
27 4881
240 4803
1970 6462
3142 3771
9278 7231
7741 1583
4169 3695
4202 4020
7208 7917
6908 6158
3141 1320
1784 7262
5495 7065
232 4953
9725 3660
9522 5373
6205 1706
2466 713
6228 8092
6615 6802
2311 4952
7622 5193
4921 6571
4095 6046
2768 6253
1770 6542
4996 2211
4911 8263
7740 6413
3653 7950
5813 2047
1807 3352
2503 1010
7450 5540
8269 4815
8585 8016
3521 5563
4323 1319
3742 5636
9990 7343
3416 7019
4514 3755
3451 2661
7111 6959
3401 4193
5717 58
9755 5577
6421 4600
3819 4166
1859 2176
2149 2434
3462 2073
8796 5897
8163 1641
7698 9897
9357 9143
80 9201
2330 4621
1116 113
4165 8166
6569 3406
850 6270
7069 9036
187 8160
2651 9843
2388 6323
6376 3359
5973 4365
6236 2962
9326 8247
4698 5799
678 5377
5689 6907
8717 739
3081 443
3606 1350
8052 8922
5916 6652
2107 6782
7578 4323
7125 2806
82 8843
992 8095
3652 8679
8613 9473
3985 9099
2063 2149
6464 2901
2605 3915
5133 3153
1227 7509
9866 1437
7568 3231
3140 750
8524 4551
2500 158
739 3279
7280 9419
2360 332
7839 6641
7618 8268
7428 7404
4078 9682
1673 7537
5675 4615
4282 6430
1004 4945
2073 5775
1224 9638
9759 3681
1097 1814
9013 2900
7011 4070
8707 5573
9394 2142
1290 3264
5133 9161
6965 6440
7251 9777
6852 6762
3577 2744
5507 8251
2153 9133
2002 6902
9683 4572
2909 1328
9827 7783
782 4729
1395 8838
6825 7237
6896 5821
7703 9630
5329 366
5101 584
1140 2247
4175 2115
3732 3734
6093 3712
444 3915
6163 7286
9132 6490
9827 8929
5506 4678
7658 123
8679 9603
1084 5958
2440 8922
4833 1060
3449 616
4067 7647
6843 1472
652 7362
8128 1234
1194 7347
6679 7468
5758 7888
3141 8404
7143 2172
3603 1338
4806 1098
6471 2103
6298 6988
7327 7253
5450 6548
6848 5722
1835 4552
943 3564
4452 8035
7037 8094
732 2919
552 8601
7099 28
2979 195
3865 1923
1594 2620
2710 3967
3309 5815
9751 9123
4681 6794
1062 2138
1833 9887
9608 5541
4818 834
2720 372
9121 2146
7533 3615
1963 8145
9807 1428
102 1723
9084 9425
9500 9165
3628 6893
5159 4693
2199 1471
8288 3629
7611 8029
7204 6102
3488 5724
2306 8572
9449 9991
5964 5993
7129 8148
7536 6665
5780 6918
6299 5784
9867 3229
7229 7414
4574 6701
7017 2162
3135 3745
7799 6114
2671 7846
5819 966
3411 6298
6267 3915
8192 6600
5177 625
4376 9125
4700 6240
1425 4122
6534 9612
7829 6871
9483 5557
5208 3426
8632 2133
1772 7222
9575 5368
3148 7126
1931 3501
86 7430
6161 9137
5013 3190
480 3046
4816 7376
703 3117
6512 8190
4235 5079
6415 7902
9687 5873
2456 7015
6538 9328
6096 8292
36 3868
9365 6290
4055 4524
4253 3575
276 5866
8152 5714
9900 1552
5885 9041
4096 1353
1102 1534
374 8710
2118 3328
3684 757
1800 21
3868 7989
8220 6544
7884 2334
1401 2019
252 5744
8150 4044
5686 1736
5905 6924
545 263
4945 6738
2222 6377
9026 1793
8337 2872
8523 1430
7149 2744
6605 7050
4088 7951
8200 475
4012 5541
531 954
8878 6237
2473 8092
4326 995
1559 1264
6711 1001
1193 1901
9113 7785
3836 3224
1337 4319
8217 7689
7361 2706
3496 36
1745 9351
1917 8638
5535 8514
6591 9892
522 5187
6267 3898
9693 5755
5481 3668
2800 9023
4148 5660
3028 2089
9091 2188
6246 9450
9786 3988
574 7398
5382 3676
633 9154
3765 6882
6204 2288
8659 4590
2866 7337
2717 1947
6852 9591
3077 6378
5244 8910
5300 840
3615 687
9689 3310
2139 1404
9229 8250
6353 4813
5822 993
4359 8649
5001 2680
8018 4223
423 185
5551 8124
3245 1364
8396 1625
6024 2776
7097 6418
4166 6342
2823 9427
2046 3028
4721 2346
2742 4484
2497 6401
8139 329
1725 6168
4641 648
4306 4463
8211 6943
9227 941
7901 6579
1172 3286
3336 4061
9539 6018
8421 3145
6155 7657
3318 7294
299 9538
4927 5485
2252 164
7271 7278
9918 6757
4824 7942
2987 4123
842 6606
510 5602
6017 5909
4895 6396
3966 6088
3173 715
2738 6438
2235 7511
1175 9233
4216 9898
7269 3485
140 9621
7344 6451
593 3040
3517 8851
7913 5297
6572 4993
1610 9430
1524 3587
9952 9938
1005 4834
1191 6656
1325 1778
9576 8149
7289 5831
1934 316
1589 5507
1464 1403
8648 4290
7692 3668
2382 6523
681 2964
9479 495
7808 1768
6115 4928
2971 3668
7100 4650
4478 972
2362 4034
4933 6505
3726 2932
9149 2916
674 5878
716 9813
4522 3193
2158 7073
3728 187
4433 1024
3204 498
7440 4797
1815 5466
165 4632
4943 3083
1538 1313
690 4627
8177 5015
8645 2564
5500 5476
1456 2146
6985 3393
4911 5023
9284 2869
570 2245
13 5556
4577 3418
6128 1413
7877 7392
1557 7918
1348 8824
9531 6613
8386 9395
22 9276
2026 2704
9833 6862
5148 8557
2712 1988
9632 5960
4780 9099
6825 2208
6850 7400
3560 5846
7319 7858
9227 1893
221 6724
6817 130
5573 6921
2764 2657
1800 7419
7998 9890
7443 3433
5118 5723
3930 2581
4668 4735
7626 1960
582 8228
5962 4221
1170 2389
2511 5071
4923 1330
3895 7852
5181 8803
418 8314
542 9095
387 5583
4340 1564
8877 5014
9855 8782
9138 9334
4387 6965
5134 7845
6286 337
1805 7282
2696 7641
6184 2779
1847 319
3778 397
7220 564
1706 3455
4921 45
423 4994
9301 5269
7470 4313
6362 7542
4735 3657
2717 651
1901 5322
9838 102
7087 2375
2152 7726
1058 6267
6551 5341
6656 244
5156 6243
7492 7199
816 9593
1865 2646
9623 41
4448 2066
1390 8132
3017 867
9377 5276
9348 8408
9550 9246
9850 5646
9914 9721
2574 54
8826 1639
3726 5496
8630 2596
9575 5778
5096 3432
8477 904
8278 5445
8116 7628
2646 3935
5433 4168
9381 3146
9763 437
2369 5443
6678 568
1542 3479
8825 8591
6302 1781
6241 6323
8869 6896
385 6549
7222 5577
8017 9116
9834 9893
3630 4824
4883 8351
3612 7925
6118 9025
5991 9561
6739 2289
7597 5640
4475 9953
806 1486
6695 6278
6094 4772
8574 2654
3988 3906
7307 5771
9247 2457
5637 673
7073 6221
1563 5054
2211 8654
6183 9190
4186 5096
6465 2854
4918 6580
8431 1523
9155 3178
70 2565
7595 3013
1846 8656
7067 1507
3278 2910
8110 1267
509 4840
5032 4591
1113 4907
8889 976
9940 3283
9350 3913
2323 8295
5229 1831
6286 4771
3603 1483
8146 8316
5284 1049
8684 3332
7410 4311
3011 4126
1353 7639
2032 5573
5599 4246
7222 544
8929 3127
2736 8886
1526 1120
4053 6564
57 4236
9688 3036
1661 9742
7153 9109
9896 2179
4783 59
6436 6446
3179 4804
7062 5759
7541 9718
6569 9682
1589 9348
6291 3916
4336 5986
8394 4375
3262 5400
9606 479
1299 4054
9626 284
6794 2386
9677 5113
9529 232
4220 849
4304 6272
2712 4477
6646 8351
1457 6213
7771 3848
6527 2051
796 9373
9078 2822
6961 3381
4379 7608
1866 8611
7812 9243
4484 5806
1685 4008
9004 4211
5207 7222
8019 8107
2269 769
6527 8021
275 6939
3582 7265
9672 6730
1365 3855
3032 5189
4616 780
8216 9582
1182 295
8481 6696
5485 8134
9610 8224
5467 5397
584 9905
1122 8514
1269 1991
7974 8975
7264 8678
4937 889
7741 4190
6000 801
8919 9979
5153 4203
273 4565
4024 1547
9531 9883
1184 1566
3285 2043
4674 6959
1365 1726
4327 3315
4202 4308
9481 5816
3049 534
8779 7427
7187 7273
7952 8665
6726 4501
9268 8459
8160 6598
8013 8594
1667 2726
7202 4274
2771 7754
4704 6123
444 4119
9558 1733
8229 4568
431 2702
2635 2044
7067 8770
5366 6509
3347 7627
9045 3224
3758 5238
8477 3902
9018 4423
9205 1201
6259 8743
5373 400
3186 3014
9216 5263
828 301
3612 3101
7618 8859
2500 7457
1856 7255
2887 415
3045 6414
6323 6766
8092 2907
2613 4946
3157 9690
7279 3689
5305 7589
2802 4911
7659 6391
7329 8000
5431 7395
6613 7001
4020 4598
88 5767
7031 7508
7385 5447
8308 7252
6953 2188
1388 4282
9930 6000
423 3671
9572 1046
8709 6881
6842 3359
7105 6356
1248 1603
7429 6970
5332 563
4164 4830
9029 2256
7113 6798
901 7419
6153 8442
1317 3534
5576 9092
7784 3724
8089 230
9513 1474
9689 772
4306 7676
3296 122
4712 8935
4665 4907
7065 6555
7026 9755
8660 9408
6155 9372
9137 8937
4405 8838
4827 2288
7526 3124
1621 8046
821 8256
5235 7324
6257 9708
4334 4645
9723 2704
4284 8059
3360 9380
296 9795
6068 3262
1949 2595
926 7633
4747 5671
2125 9155
1065 1135
2696 9785
2766 6399
8902 6474
7417 6254
396 112
9717 3903
1376 4707
7060 2436
3027 7175
7468 3424
6041 6426
9717 3502
4954 1357
4291 2643
6135 5886
3867 1767
5186 1906
6081 4512
1865 6256
4867 8565
7593 1083
7801 7934
9142 670
3753 8794
2264 9052
38 5
480 5638
2073 8682
3507 5386
8428 9621
1650 6438
298 7261
3532 4553
3722 2743
9354 8900
6633 3565
2467 8975
4980 8336
6291 8348
7844 8771
2936 4418
6754 3294
7062 7171
6030 6169
8918 670
6234 3854
49 9244
7961 1896
9924 1581
6017 2615
2786 1233
5061 7050
9485 3286
7177 1543
3003 2003
9572 649
8685 3865
3356 507
9907 4624
3723 8171
7978 1135
8337 8320
7546 6144
533 5862
443 9006
8780 8392
3417 9230
9276 4628
9882 9686
5594 7157
877 4435
8425 4358
2582 23
8494 6776
1060 4582
5298 6820
2719 8197
7927 5239
1950 4055
6578 5037
6918 748
6817 2138
7116 567
7452 7071
567 8107
8394 62
9552 7524
4103 5062
905 7012
3508 3810
5716 1982
5106 7893
918 290
390 8678
204 8767
16 9506
1119 2815
9220 1863
9352 8877
9263 7096
1989 1404
9562 4368
8190 4848
8033 536
5754 6984
9389 1692
4968 4287
7875 4121
1616 9812
7112 241
9974 5847
485 3772
872 2415
8347 8422
1102 498
5119 3015
2651 7601
9052 7506
5634 1223
2395 4082
9743 982
9958 3667
281 4693
1783 6922
4945 7069
7155 1252
2511 5865
876 5651
6090 2536
4412 6624
6101 8590
4408 4110
5017 399
6803 6561
6893 5094
5477 4028
3570 7169
7276 3685
2252 8090
1428 1257
5278 8590
7687 6708
2909 5473
272 6904
9134 5369
2960 2218
8602 68
5445 9993
5393 659
5010 3767
2608 4273
4318 6323
8174 6340
1105 9076
9473 6634
2887 3941
820 1075
347 2929
1794 9859
3609 9625
713 978
1271 7317
8558 2926
5994 5606
8295 3092
1618 3500
1044 9169
7273 9124
9138 847
7302 6205
4203 7029
441 8567
5393 7690
4077 5102
6400 3789
7239 6823
347 2073
1377 1773
9646 2295
4129 9147
3779 2628
179 3285
6665 1514
2915 205
978 9660
5535 4125
5121 4984
269 7565
3005 4665
8893 9363
5468 2979
7224 7006
8881 6013
6124 6098
5690 6293
1171 9355
4285 7634
5561 4738
2907 4574
1334 3718
964 5514
3713 811
8295 2189
2454 7652
1982 8839
7430 5070
6160 7236
2755 6027
4876 1010
1114 7675
3001 2748
3687 8096
6408 3460
9144 718
5763 7610
8911 751
3734 4946
7715 3104
1974 3082
1713 386
1902 8658
9097 390
275 8929
3981 2833
991 3905
4156 2801
3994 9911
7095 3357
7326 4239
6875 713
2296 9761
1756 2173
3301 1741
9911 3439
5474 6254
8322 8254
7687 5701
1514 6914
7285 7993
7761 8548
933 7778
8667 8931
9909 7798
6913 6355
3706 2595
8591 1594
4770 6455
5911 5066
9673 4650
2030 8841
772 8991
5812 7249
1078 9537
7736 2418
9469 1384
4378 6118
7332 8990
4982 4275
1996 5667
6504 9561
5129 2693
9685 9848
5178 3568
3621 6949
4760 7658
7327 1362
4222 8059
1155 1445
6850 8594
4081 2049
8659 7081
7240 7771
899 7638
4033 6525
6513 3280
8834 9430
8140 6353
8425 681
2863 1904
8043 8540
5393 9971
9443 1244
1072 631
9776 1901
8216 112
292 4830
753 6158
3646 9227
9302 6304
694 1320
4851 2548
369 9413
230 1132
7058 7651
8145 6418
8364 3795
3966 6867
2215 6275
5695 1933
3739 5910
2139 868
2308 8516
1695 6109
5006 3925
2807 7700
4556 875
2717 1403
7884 66
6723 1523
2890 6616
4534 3094
6510 1408
169 18
5846 3646
3719 4859
6528 6811
1873 3714
421 9503
6120 1827
3004 6034
9921 1140
2007 2814
392 9829
5513 8201
1333 9629
1842 5605
4216 5719
4189 9047
5521 2430
2689 7997
2493 1837
5677 1246
8295 9114
6771 819
1989 9951
5600 7041
7828 6131
2470 7322
6181 2637
6087 8529
2183 1646
1030 5228
5412 7259
7685 822
9402 19
1151 9850
3429 7095
5234 1787
1954 5933
9443 9430
521 1925
2602 9625
6104 2514
5074 3514
6189 9887
7927 4918
9728 2960
1023 1684
1027 5726
1315 2819
4174 1466
7509 6413
1634 7201
2023 8129
1356 8053
9059 4790
9319 7165
6158 6921
6538 4105
1620 6656
9477 3781
3375 3714
1206 1138
3246 7932
8600 3978
5898 2858
3502 5247
4303 81
8871 1606
7029 4058
3053 1613
4270 2082
5132 3749
274 8048
8966 7288
4038 9741
7733 4518
4709 5452
6199 4002
3021 9369
6413 8467
5355 5495
3598 7440
2701 3810
4071 1155
8364 7916
5588 9765
3806 9747
442 407
4289 6403
9490 3156
2375 1892
6162 7025
2429 4311
9257 736
7519 4625
7013 8147
8859 8974
1032 6602
2137 5769
9273 4591
9351 2281
6306 8200
2391 2029
158 8453
9585 8118
1804 8832
6094 7012
1907 6195
9551 7184
250 9121
3099 7317
7419 8779
7977 9521
3682 8411
8611 6340
9706 67
3249 2583
8451 5314
2994 8461
1975 3502
4305 2173
7400 7623
7137 1079
940 3815
9632 6805
2793 7678
9207 3599
9486 8547
9101 2024
3834 6672
5134 4109
740 9030
22 9107
6424 988
5357 6584
4620 328
9603 6752
8329 4197
1599 4656
4722 3747
8209 7605
5390 3032
2801 3073
663 9311
3900 1352
6639 3977
6277 9135
4606 8424
9092 8846
6445 1675
9000 4464
4178 8705
7384 2788
3842 6954
7355 8399
2440 8113
1179 2213
1965 1716
819 1997
6165 8705
7286 9607
8188 4415
918 8390
1881 9340
5029 4533
973 790
7970 8682
8983 4497
2220 8941
1986 4637
9320 4231
2665 6548
244 489
2843 4174
5574 7052
4135 6418
9194 5663
317 8499
3115 4117
9335 5467
918 1027
9113 5499
8322 8923
6952 2733
1326 2070
8865 205
589 5567
3302 7058
5934 7418
7828 6066
7556 6401
3533 9324
2316 3838
2273 6616
7652 1712
758 8355
8553 2218
5927 6509
847 2635
6653 9396
4537 44
9437 3964
1583 4393
2143 8674
1865 1721
8644 1575
5424 2213
9191 5940
2475 2576
2366 3329
7787 1686
7754 6531
9981 9189
6502 1217
7505 4273
8143 861
5247 4348
2672 2199
7466 4456
8066 5401
456 109
6318 2545
768 2852
6277 9432
3159 5432
1060 7421
1869 5328
8332 8082
7149 2899
7769 5296
824 2712
5147 3593
3875 6829
6068 3838
4956 1751
6291 3627
1882 5591
9719 5675
6102 8098
1515 6051
2446 7541
6775 1130
3310 8566
8491 8776
6107 5177
4531 4558
7146 7172
4243 1160
1408 7450
4659 1600
5538 5896
286 9702
65 5275
6939 4913
8381 6326
8843 4586
5415 8491
5920 5254
4182 1309
2999 9165
6085 8868
2992 8640
7820 8984
390 8356
1063 6232
3477 529
4143 9314
2780 6672
3749 8724
1170 9906
8641 2511
6339 173
3477 6917
5109 8076
6026 2557
4240 3417
3150 9672
4103 9816
6681 1057
1965 3357
4171 6351
8046 5220
3752 4431
9184 4317
6383 4313
155 8362
4960 2492
6172 3590
4570 6852
2488 8951
3 3429
8600 6724
6652 93
5189 8921
4229 2263
2276 8726
7636 5356
5763 6252
5752 167
3478 7078
8181 8507
5105 6439
9641 5086
6882 7537
7479 1712
6667 4224
6624 5585
4914 3267
3235 4651
7440 9627
8920 1872
1270 9863
9405 9431
1025 377
8650 6866
2315 7529
7532 3520
7419 4130
9632 490
684 5987
7109 9726
854 1523
2193 9301
3490 9947
7035 6836
5650 233
1271 6997
7088 7984
2487 8844
890 8890
1691 956
1840 6436
9903 9294
6169 230
451 5000
8321 6935
4707 6250
6742 7355
9234 1892
6302 4065
8489 4292
6525 925
6205 2519
1327 2415
9604 3249
6557 1306
3309 9914
2550 5798
9510 3098
8992 5707
1156 8042
5759 5945
7261 6556
1972 8805
6459 9229
7255 5610
3890 1421
1028 9575
8672 6617
5259 9558
3337 3681
1891 3449
8875 5510
6371 2888
8323 9538
7896 7503
5844 1749
9796 9276
190 1559
2852 5842
2083 6771
7357 6457
1234 2185
661 9846
8218 8742
803 9695
1132 9082
4617 8698
5880 7619
5361 4027
2868 6067
6729 1507
9727 7513
4820 1424
8670 8355
2763 6766
8411 3190
2333 5579
1647 7170
9537 9911
8173 4536
1415 7959
1784 8682
9949 7799
1702 7646
186 4773
1815 6790
2715 3308
4731 6261
6345 1398
7250 4094
9687 1984
8394 9972
6871 5529
7911 7094
868 8374
5420 9372
9748 428
8020 3362
2285 9064
5016 3570
7382 1848
1769 5852
8499 6316
3973 2565
3826 6908
8071 7653
2454 2994
7668 249
133 2084
8209 7081
2728 4273
3349 5562
1905 6161
2905 9934
5565 6138
1722 5638
6411 2211
8802 2332
4486 7162
9776 9343
6721 2851
1131 9640
9915 2776
1599 1682
7210 2252
186 5857
7095 2780
6211 6164
3135 8411
1075 660
7469 3748
5759 7893
951 3603
9529 1416
6259 7312
6665 3967
1690 7985
7333 7165
619 6473
5317 4007
8119 1793
4816 5343
7029 2027
5155 1758
9141 5316
3060 5533
7485 3111
8081 2356
7016 8207
8078 272
2908 4555
4992 3338
6061 9734
2313 4081
3822 8785
6435 6236
4482 62
5079 547
6233 1868
3755 1216
6959 2313
4202 9078
2344 5842
8099 4736
5849 5481
4894 537
5369 7642
8568 4132
209 8622
9056 7247
7088 5238
2834 6924
780 3880
1389 1185
1465 3562
3065 4766
8209 2211
2487 9951
1559 8103
8224 5672
6372 3444
6702 2176
2630 5941
6607 1495
6176 3192
7894 1780
1185 7961
5983 5771
2909 6500
9423 708
128 2362
8694 2186
887 2555
5213 9744
2824 5062
2662 5399
2777 590
6733 2874
4675 890
3060 5386
1979 4877
4116 4519
3183 4625
6635 1796
7797 3411
3518 7161
3079 5618
9200 2895
9339 7838
6197 7262
6764 8145
1182 7440
2003 7755
2252 7847
6486 978
5952 6053
1713 9474
4567 2621
2584 2170
4732 6509
3767 7519
8434 8018
1079 7394
3491 1759
9739 730
2437 4828
2924 1035
5745 9357
1843 9257
3041 4039
3721 2101
6935 121
1321 8723
9049 9492
9988 896
9138 5249
4614 8896
4941 4755
8975 5463
9943 8432
8498 8918
6450 2555
4059 2007
8586 8737
8109 7909
5870 1882
9164 3891
4426 8807
2167 3959
1265 2714
8953 9271
8639 8751
3554 9450
210 485
5232 264
7164 8843
852 705
5079 5798
7207 2595
9288 9542
9972 6026
7432 4570
8534 7262
1635 9443
472 4194
2092 5285
549 4089
3527 1588
9180 2027
2974 7926
2750 4371
2674 9540
5733 3555
7957 3913
9283 3869
9174 5413
9615 9443
7196 8058
8646 6521
2588 7636
7325 4425
3662 5396
3322 4572
6697 6663
3185 6622
8418 3168
4577 2167
2737 8804
405 2149
675 5642
7334 2558
8012 7703
3499 6798
1798 6439
4550 4899
532 3500
1533 4044
2770 1966
3718 6549
879 4998
5544 5566
9104 9760
1285 7580
4923 5437
767 7730
7505 3121
8249 7671
5092 5244
1928 8565
7659 9199
1756 3235
8837 8689
7602 4787
8958 2281
1483 5348
9333 1614
1568 8155
5050 5123
1300 1747
2743 5244
8148 3087
6215 5104
8929 6549
128 7026
70 5099
3700 7051
7969 1986
1776 30
3256 6836
3960 9261
933 9717
7490 1733
4743 8513
9888 3310
4972 1988
9690 2762
1579 4518
7239 6769
9516 4907
6583 4187
7045 7258
4728 6351
963 4639
3426 1905
4712 2893
9772 3822
5495 3123
4414 2648
1041 9076
10000 988
4653 6467
744 7473
3263 7796
2076 8855
7799 231
1154 6189
4496 7338
8266 1000
9853 7605
285 7591
3298 2521
5123 9563
2545 9641
3061 1244
6654 3556
6117 6690
800 4127
7854 5649
8074 2714
4872 4459
9185 1672
2834 9432
3035 1336
1392 5415
4185 9520
4185 8575
7694 384
6995 7072
8124 1077
727 7427
8997 6857
1090 7955
8189 2060
1672 95
1881 7410
6096 1059
3042 5048
6357 3582
852 4726
5403 4631
9453 8400
2513 7266
9736 6881
9526 7180
1324 4895
6856 6257
1050 4189
8843 191
3757 535
2775 5594
8128 7015
4230 4116
4505 318
4033 1406
5059 122
2250 2950
9969 4950
4901 1974
969 3562
7683 2637
2509 3794
6184 387
6565 8043
6609 6188
1676 2623
355 578
1463 9186
1847 4177
9924 8208
3631 4964
9271 165
5283 1668
7786 2463
3841 5308
7736 764
270 3972
6833 642
4960 9570
7597 2904
4537 142
244 5983
6868 4100
8807 4224
7208 6546
7460 5912
6700 1539
1194 1253
9415 2575
2475 4110
3789 3967
6911 5542
4756 8729
9401 4417
1452 3660
2189 8319
8671 4982
201 1896
7543 6656
1668 5934
9900 9051
7392 5238
61 1498
4947 7360
1728 2498
7978 7305
409 8738
5559 7065
5654 3778
6361 7408
2873 7851
1263 4446
4725 1512
8724 4605
6430 7291
9163 2864
9369 6713
5951 7986
696 8390
6037 3372
3906 5655
5485 4717
3331 1229
4038 6655
2467 2629
4161 6371
5709 1191
1668 1920
4305 6856
8516 4302
576 8226
7981 5247
7514 6820
4375 6382
2895 9132
1701 6793
6691 3403
4015 3942
7853 6888
817 4567
8213 9283
9584 4340
5497 2182
8951 546
5917 7555
5147 2232
884 2912
2806 3722
5038 7550
4189 40
3448 5781
519 741
8096 3148
7423 4
2585 2629
6668 3498
6342 3615
2594 7344
6896 9274
9883 8276
9754 3216
7381 2584
8814 8425
346 6685
3686 6823
5475 2439
9020 1294
9211 4036
9389 808
1180 5835
6313 9079
5997 9818
8283 8888
8911 2302
705 4922
6514 8856
3451 6669
2690 8049
1560 9700
2661 5598
6160 9208
292 4379
3373 3864
2267 1391
8630 4101
266 8007
5116 1000
207 9645
2603 1759
4028 9174
5798 2675
9906 9111
1064 5071
876 8834
1239 8348
6022 2214
4518 8800
8122 9434
981 8015
3012 2259
5565 507
3759 1053
2387 1962
480 9447
6470 1784
1259 6717
5924 7011
4908 2556
5056 1358
6438 4004
9235 1655
5429 1713
1478 911
9816 2547
450 540
1442 3784
2566 8496
4214 1298
441 8535
8886 8046
8745 9148
8106 8786
1577 476
9992 3347
2492 3341
3724 6242
4641 6401
4101 7920
7433 1395
280 9106
8548 7613
7243 5674
2536 120
16 6972
3471 6859
999 6916
9868 1126
3434 2547
8677 699
1457 8854
9551 4150
658 6986
8993 4574
2544 536
8328 1108
5575 1339
6946 9219
8598 7041
5821 1688
9370 8620
7738 9485
8137 6752
8056 2536
9366 6813
9800 1843
2720 5462
7948 538
8209 1258
8313 8339
2289 6005
7876 9579
4541 5785
5817 4763
3462 6261
2999 2032
255 1783
5154 5428
3690 193
9620 5949
4262 6455
8317 2812
7089 2900
4114 2883
6274 771
2395 8375
99 9597
8579 6802
4179 1304
7125 5213
3683 9468
5324 4938
9249 5527
7828 8514
9446 7078
1725 785
3482 8363
3592 9720
5244 8390
3440 3676
9751 4775
9126 9365
9342 5196
4638 6178
7443 4544
8174 3339
1328 7807
607 4696
5815 4870
8564 8868
1490 1369
6780 8836
5756 6859
1866 8472
4177 3581
4862 8652
8503 1390
6728 5237
7946 5114
7919 603
5875 369
1892 665
1686 9691
4449 9851
938 2911
993 7339
612 4889
1390 5399
4012 9704
3397 687
9529 8245
526 9888
8616 819
2316 2160
1873 5131
2840 6274
1432 4942
3831 2720
920 7120
4616 6365
8975 8324
2205 9161
8317 6585
3866 5213
9421 3023
3946 9947
9041 2539
7975 8774
7312 7783
9922 5834
9096 4329
3309 6395
9639 106
3030 9975
1480 2950
5664 5206
7318 3579
9253 4650
2562 6523
9139 574
8808 3065
4746 2457
3909 1975
3026 3757
7309 1551
5189 567
5126 2432
3375 6998
2495 3602
5847 9941
1553 4470
2701 4062
5907 9090
6212 4213
6750 8689
6306 2759
3561 5640
4844 6231
9174 8157
7720 4168
30 2594
3538 131
4470 2765
9115 9767
428 4973
8328 967
5370 3400
5867 8515
5469 7536
63 4313
9481 5864
1666 1241
4883 1112
8632 6687
3371 1607
9245 9526
5981 3180
2747 3853
4957 9529
185 3672
2265 3997
8475 2686
2364 9396
3137 1244
4902 1051
2331 3333
1164 7142
2643 3102
7050 809
5913 8099
4861 5525
9831 6925
7147 7585
3338 8677
4106 9526
396 3059
6502 2265
5475 9024
719 6165
7162 2289
3544 9904
847 9616
9608 9651
6545 9127
2228 14
1872 1833
2307 7366
7446 7100
2086 5172
3271 2803
5249 7070
4074 1553
331 4564
8514 9891
2489 3002
9298 6644
7319 4440
1049 3264
6808 6576
1515 8169
25 2442
4536 5794
8610 8322
7751 1569
6524 8828
7004 1961
4627 3109
5336 4651
3064 7354
2813 5731
1259 4225
7805 4029
1476 7920
3851 373
1090 7986
644 4883
5406 2323
3450 1289
9731 5014
5938 3569
1928 9131
7030 6479
4968 5310
586 2702
148 2570
4713 6132
8842 5912
1273 8389
5616 3283
8499 5563
1290 8491
6489 2624
507 3715
6524 3245
5938 8946
7256 9463
2799 7690
4569 6998
545 6979
6648 670
2822 6723
1612 4533
7872 4010
7383 7473
9850 1662
5979 9307
2203 7461
3986 6906
7478 6369
6000 2621
2922 2789
6767 7215
5613 9942
8961 64
9396 7878
8493 4166
9881 5635
1277 8859
7979 3643
9491 460
5973 1710
3628 9408
8532 8569
4495 9795
3174 9731
2322 4565
802 6944
6796 690
9496 4973
912 4848
2171 3727
3311 7531
9143 1371
1863 8430
4735 5663
1612 1787
7736 597
3570 2217
5960 557
5443 5861
4098 542
7050 8083
5824 2726
8022 7700
2927 2082
5654 2463
8679 2977
5807 6569
3282 5490
6310 1009
3915 3032
6177 9411
8411 963
3129 5959
2297 5771
6838 7668
4811 3226
5355 8306
8341 7500
2813 7599
9031 9879
8697 3117
4612 6247
9264 8470
4703 7982
2731 1705
9852 506
8503 689
4831 8163
7045 2264
3883 249
9365 2099
7818 4426
6003 3855
3187 5907
2525 9226
6459 6751
270 153
3470 6309
4528 6465
7477 1809
1126 1352
6165 3360
1592 7645
5126 9686
7599 4680
6628 6852
1383 7033
3157 6692
4514 1300
8417 2153
827 9542
1706 8963
4793 3029
9320 1128
8281 9993
2125 6032
4739 184
800 5348
1127 8395
9137 1231
5884 7423
8331 5577
232 5351
8652 6637
6612 8418
4413 7959
9601 7019
9495 3631
2371 231
2187 5700
8879 9242
8207 3093
1953 6922
3175 3076
2221 5057
7762 6204
7837 1538
5499 1886
8948 9060
2846 8240
8959 4575
1066 7576
6032 2354
7725 2630
6134 8498
2010 2319
8550 1643
981 8998
1222 8225
8667 4887
8253 7839
8406 1275
1713 8068
1424 6632
1479 4467
9865 7534
5676 4608
5190 3421
4509 2714
8270 6194
3645 8107
4375 6115
8953 5411
8260 1623
3013 7001
4398 1455
156 1831
5946 6255
6640 8178
1127 6026
828 8986
7030 3984
2129 6242
4143 913
6472 998
1847 5613
7543 5155
9090 7901
3434 6649
383 2611
5069 4209
9126 9173
2230 5135
6547 1157
7260 5250
7615 6700
19 8228
1323 8555
7769 9258
5457 687
234 7629
8946 2254
3566 7175
2705 3925
9856 5965
8083 5827
5628 9397
3220 922
9963 1575
9864 4705
4325 4783
7007 6365
3887 4708
693 8508
3719 2706
1333 6398
6845 6717
5932 8466
2888 4200
3291 3937
6787 3073
1533 7592
9539 4792
6678 6488
1651 4185
5175 2759
9083 4896
2233 2854
3779 2082
7903 2538
404 1809
1050 3742
8479 2055
9535 8058
7835 4025
6643 5601
8403 5631
6758 3111
2705 2889
3324 7736
9686 5970
483 9471
3975 582
5911 2459
3791 722
5715 9157
6101 1581
419 6450
2736 9105
6675 6915
4035 2583
1402 6962
3839 5285
8029 1335
2466 901
9716 2107
8092 4477
9013 9139
1054 4456
9705 2461
2457 9903
3403 2792
4084 1649
7927 9911
9160 4198
9517 1923
3675 6788
4238 7215
6946 2183
6084 6878
2769 292
3855 7275
8486 3672
149 8806
9807 6391
7878 6456
4252 177
8137 8621
8473 5423
3932 6182
7335 1809
7015 8429
2793 16
2728 5337
2458 3114
2671 9845
161 2683
3230 2172
7146 5840
4316 3335
9397 265
1077 8490
4659 5697
2078 9843
5186 6094
1385 5963
5533 5063
1948 6508
4957 6380
1110 1454
5825 9124
4473 4529
6771 8283
9007 9362
1672 5380
472 3649
8896 1718
5245 42
3560 3908
6339 4592
9600 2
7070 6397
9471 3560
2096 5137
6012 5948
1240 2817
8387 3432
7256 6869
3512 7697
787 4008
9631 8053
580 995
2624 5786
7597 6606
9957 1034
5261 9717
2000 7576
9486 3816
5141 597
5340 6648
9034 7877
5365 6383
9652 6734
9864 6052
1646 2861
1959 2986
8785 8574
6453 7921
8968 1353
5392 8577
3686 4955
2549 4649
4954 9816
9724 2174
8919 6073
6338 8863
6160 2754
8288 4298
1724 2925
3843 8868
8718 4400
77 8953
589 2294
5166 4978
1785 9080
6673 146
5639 3362
9143 6202
2889 4604
8443 5305
985 6450
9183 6073
5341 9148
126 8747
4715 367
1133 1096
7409 5818
1856 5441
8107 7668
6921 4947
6599 3781
799 1902
1780 31
1278 700
796 2124
7507 2926
6860 8126
4512 6022
4424 5499
2403 4436
1431 5612
322 5466
8065 2681
9983 4127
2855 4493
9693 3445
9866 609
2725 6140
9927 8460
227 5707
2406 625
2583 1084
7906 3325
2995 4189
4620 9708
7857 388
8224 2919
2474 6378
6923 2545
2176 3053
3597 452
2726 4122
9726 7855
9207 4300
3716 3305
2149 1517
8934 4660
7772 6852
6002 4324
8493 5388
4084 1753
1743 9431
8363 1689
4260 8435
5916 2436
4663 7335
6882 5783
2446 1921
4479 7108
2417 2956
4554 9293
1793 6851
1612 6621
7977 6282
2409 5691
9680 3745
9254 4608
9730 7604
9621 4270
1655 9064
5174 1188
7878 7729
691 7773
6142 1366
3150 1058
8607 7354
8737 4773
2173 5555
6364 8461
4072 9321
2567 8869
9909 1516
9285 898
1142 2812
9890 9011
7509 8884
7193 1964
3803 4367
2990 3947
6548 3594
6881 8750
8398 393
9687 1810
3397 6250
4731 7097
1516 9143
2707 5451
3861 2565
1804 8383
5415 4050
979 1223
640 4678
3371 189
9642 1931
6517 6955
6571 6137
247 8594
32 1568
5447 6752
1873 7142
4568 7692
3832 2536
4755 1536
6644 8829
706 1844
7830 5074
9898 7710
4051 2923
1609 2013
5940 4059
5831 2173
4458 5698
6474 248
7236 844
582 8742
7809 5557
9496 1729
1169 8217
9800 6176
5728 501
3554 5654
7737 674
540 3483
662 7735
2023 9644
8504 6611
2259 2023
1722 7714
4461 4138
1774 6685
1508 154
8555 3604
2416 2569
5522 920
6785 7637
5401 9155
6617 6717
1009 3485
1712 9947
676 3697
9730 6296
8210 8395
58 4266
5708 5911
8112 6592
1224 5845
2755 833
6285 9919
2832 6266
8633 7165
990 264
5668 5689
7066 3639
2827 1268
7290 6633
5878 2331
8703 3758
4873 6393
8879 1852
3173 9478
4404 1122
378 6202
9911 3147
6316 1253
4017 7833
8131 1769
7234 983
4569 8843
2138 3643
4452 2872
3541 1783
4679 5161
1518 1604
4278 3900
8781 3953
6277 9845
7760 9525
1639 2819
5731 8848
4449 5682
1186 6076
2178 9286
8642 5269
8223 9657
2996 1258
9106 1201
943 3766
1719 6808
5199 5574
6538 6620
7019 3943
7572 3968
6623 378
1930 8871
5574 3877
8566 385
2960 1409
9925 6138
9782 8017
7608 4282
9341 343
1661 5055
9598 7207
3995 796
9610 4551
5138 4008
2617 966
687 6692
7827 6982
8998 9978
363 5136
4927 2700
9776 9878
8001 3679
3734 6851
158 8039
5291 8299
7572 8215
4933 564
5903 1871
7972 7960
1971 4135
1808 9432
7354 5843
8793 5663
2404 4703
1586 1895
5333 4396
9280 512
347 3303
7976 6846
1334 1091
7192 4011
5219 4873
6815 1889
4098 5706
2573 7805
7675 2346
5419 5260
1762 9406
8582 3808
2924 6496
9514 1814
9314 2672
3161 8179
1773 9766
376 1708
9820 5744
3213 5823
801 144
7488 563
5600 3601
3169 9516
4801 4365
6396 7271
720 425
9116 4904
29 4536
9901 3472
3343 6379
9847 3211
8141 1033
2176 4041
9617 1617
8213 7745
6875 615
7085 6481
167 7808
8137 6543
2446 1630
1579 4834
8041 2447
1609 8242
8242 8926
1482 7692
8684 5305
9486 6254
1986 9810
3455 746
2489 7011
8491 3228
1734 9577
204 46
5059 3343
6738 8688
3476 8812
8803 3888
7195 8761
6802 6324
3417 398
7972 7660
901 1671
9981 1032
8710 6428
8005 6036
4264 66
8542 1530
1234 7698
6623 8892
49 7036
6777 6904
1748 5751
1941 6072
2455 7051
3717 3513
8020 6530
4710 5267
3157 1867
7245 3504
5497 8028
7383 9729
93 3964
781 1775
2874 233
2557 407
5034 871
7107 8115
2638 6839
5720 3733
796 8229
3257 2834
4301 2289
3535 9763
7287 1348
6890 9655
3741 6298
6595 6037
8837 6464
9154 6596
6836 6329
7905 859
4186 4199
6830 1343
7692 2576
6905 6932
3936 355
7013 9418
9828 9608
9157 4463
6492 6929
3496 1608
1894 1368
243 1206
2621 8271
8296 8441
3710 5796
3388 840
286 2392
466 1561
2353 2390
8660 7873
368 2363
6888 7717
7342 1512
626 4270
5073 49
3980 4307
7247 66
3002 2430
4866 5664
1754 5835
6774 5088
7357 7056
8524 3974
2309 178
1222 4175
4796 8469
1055 8857
5257 1125
564 3253
7837 1678
5393 276
8500 6126
2638 3739
1963 1553
911 9905
2461 3788
7676 8500
8202 9068
30 8344
5838 3215
8013 469
1483 2895
4610 655
6811 4375
6691 3898
3131 5115
2352 1221
9652 5292
7823 6740
9165 9837
6755 9122
1002 2165
3748 3195
629 9783
9717 1671
3701 1176
4270 6081
3198 3361
2036 1377
4686 60
3417 9539
3671 9419
2334 8366
6289 8473
3959 2402
5804 1679
7441 9279
7031 8071
187 449
64 5778
8756 9315
451 3664
3056 9202
1810 3495
4652 2581
7969 3518
2884 5842
5674 8197
6990 520
4959 7429
4810 7274
6270 7941
337 2564
8227 2104
8544 9428
1009 8161
8623 6369
7626 3517
5056 9129
798 4437
2602 4878
5233 2326
7341 4301
2362 4233
7832 3631
3583 4191
4259 4556
9720 1310
6100 6646
1696 5877
401 4853
6085 1946
5728 9244
2971 1669
5755 4605
3040 6311
7658 2273
7787 9231
8357 9652
571 4407
4746 858
1801 4456
205 5779
4148 49
7932 9996
3067 5118
197 8729
9744 9099
5544 3912
8498 2759
5816 8659
225 6532
237 8836
3818 6872
1107 8468
6786 8943
6456 5314
8329 1725
8066 3303
8741 9372
4938 2273
3914 5424
3968 6590
5080 7281
623 5796
9824 416
294 6021
9021 6289
8295 6111
8356 8972
2688 5306
1781 6002
8735 131
4680 3561
2491 2646
473 297
4534 3972
8083 3401
3040 1159
311 8017
8566 6358
7294 7391
1614 5906
7413 1696
4818 8132
4450 2893
7424 2702
3620 3842
675 4823
5198 3971
7549 7275
1215 8777
1129 1574
3130 1009
7199 481
6779 8057
5653 873
514 1608
1487 7290
8208 6967
4216 2452
3597 2782
589 5849
9926 5499
9663 2586
1622 6504
9819 7840
736 2133
1230 9661
4533 192
536 3830
4968 8999
1613 289
5784 6938
5338 5949
6258 2873
8601 6486
5951 9684
352 2148
7773 1215
3929 6923
8974 8690
8058 5493
3798 8983
4469 6510
52 1701
1815 2586
3452 4603
1845 3326
8636 2744
4163 8302
4293 5503
71 5586
4779 364
9190 6601
7360 2133
8336 5692
6766 1037
5240 2279
4502 1938
6762 8787
5272 8081
4131 4954
6395 7049
1994 8749
878 7690
4275 8155
8606 5164
5610 4023
3171 3730
8715 5205
1472 9342
5927 1425
2957 8167
5739 1524
8829 8798
7859 7698
1527 4292
9130 553
2231 529
5221 197
9551 1028
2441 4953
5472 6446
4992 1712
5256 7770
6546 9393
5023 8254
5377 2187
7288 9903
4051 4025
853 533
3832 9900
5497 1966
7552 2576
6364 9338
8461 490
1286 6900
9025 4856
421 7442
4364 4838
1396 2453
4590 6493
5079 3520
7969 2128
5551 3298
2232 1019
226 8554
8556 8912
3571 2303
5153 8835
9195 4655
3104 3815
719 8246
6502 2580
984 4959
286 81
9387 6816
7577 3479
4753 3132
9755 8946
8929 8752
5970 6833
2180 6501
8633 4996
5274 872
324 8729
3273 8872
5670 8985
8036 3874
2156 3205
3550 4063
3707 5906
4177 2518
9191 9375
6638 1870
795 9468
2079 4919
5039 2702
9022 4116
7990 7687
8996 4173
8238 2761
7172 5198
421 8902
2083 542
2545 6687
6083 4557
4485 8343
9030 967
6056 3235
2624 4833
6374 6500
709 3997
2013 2336
9165 8062
2290 9838
4536 7179
7957 8448
1454 4038
9746 557
1499 313
1837 3759
2574 1780
3750 2120
9865 3599
4238 9779
348 1630
7588 1190
2060 2225
9771 1397
8417 6736
4566 1924
8404 2853
5223 2025
8376 7917
8418 3711
8564 1499
8091 7877
6661 8236
3792 6926
4433 6825
8799 5486
6918 6044
9662 4075
9942 3562
1078 9048
5687 843
5665 7419
983 4413
9287 1868
2055 1241
6225 3690
5333 7069
6335 8089
9239 6212
3029 1827
7365 4926
1496 8181
7263 3210
4938 4765
7981 1584
5802 7501
9560 7142
3945 9422
955 6984
7003 2529
7306 1611
8457 1577
4323 5537
7092 3373
5908 4863
2930 2259
749 8902
6992 1144
6848 6676
9448 4439
9114 9828
6123 1107
667 1593
4161 2632
773 3154
7400 4447
2800 7414
5277 7539
680 9666
2557 1805
4898 4700
5946 1689
4528 5366
1500 9621
9962 3066
7570 3217
2889 6431
6556 931
8094 5912
2227 4825
208 2734
5369 9296
5434 3861
5608 7454
365 9032
8346 2137
9106 3394
4251 7012
3253 2957
4370 25
1826 1015
54 6301
881 6921
4112 8772
6791 7997
9219 3356
5037 9255
7208 5738
3810 2341
395 1497
8581 2536
1377 6929
6694 2830
7361 4954
3411 1683
4302 2751
6711 9673
791 3137
3760 8069
7936 2645
5576 7788
3914 8388
530 8332
7804 2686
6370 6302
7589 7653
7347 9743
8866 5323
454 6641
9430 5769
257 8141
5519 2835
6827 9105
6653 9996
1213 3286
8390 4735
9186 5683
5908 894
6873 3591
7021 5991
7055 8503
5644 7335
5127 5643
617 640
2773 2772
2787 1640
3526 4916
8770 372
4972 1126
3178 3338
9501 6169
3027 5521
3423 8149
1670 3340
3695 7618
2626 6624
8061 4094
7941 1811
8869 509
5814 2845
8080 7775
6585 7046
1288 1232
1987 9729
7668 6407
4819 2802
3641 6281
7803 5299
9667 8991
4127 9780
8597 7765
3279 3930
5483 9939
8155 2027
4125 8817
9596 6797
4466 7229
6749 7238
5521 9600
4113 2459
6978 4377
1267 7689
9665 2278
1725 414
4665 4696
2551 5688
5636 7583
5892 5491
5434 9278
5614 7621
8917 4087
1940 7192
1962 5719
9115 9546
3998 1367
4237 1960
2877 7066
5998 7604
8936 4259
3642 6296
2200 3880
4227 7214
9269 373
4500 7517
1470 6358
6540 2081
5413 6878
6157 3375
432 5267
4895 1287
3815 7123
6595 1510
8890 3307
7632 3067
7377 4948
2527 9251
5728 4853
2733 9130
6072 4962
1216 2301
9955 6107
5192 827
818 1461
8184 8546
4232 9532
6185 9456
3677 7391
5242 7215
1023 1880
5945 5710
6612 8226
6377 9802
7287 8800
575 6187
8830 6642
5918 7789
7689 8280
3807 8367
5468 7204
4070 9012
7599 422
7941 570
1627 9956
5174 2486
5170 235
6435 8406
6634 9401
7706 2885
7524 3779
1689 8800
7607 3732
7098 3932
8221 4929
4902 1398
3558 3146
6013 1986
6873 4225
6468 6882
6449 3997
8785 3441
7921 9336
6150 7933
9876 7355
675 4551
1244 4421
8571 5533
5631 1577
3590 7726
2675 6529
1791 8751
4878 1658
4164 6105
1726 2580
5047 9455
2188 5934
1556 7620
5304 6719
7064 147
4913 7639
6865 7426
9053 6004
5082 6600
1728 3544
1097 8916
979 7574
3190 1609
8942 1000
3385 3071
8968 3797
3839 5703
7796 3393
1757 5261
1834 9961
7187 77
7036 8715
4066 1367
1114 7648
72 8985
6611 3337
2521 2112
627 431
6771 9647
1389 9
7418 4793
5623 638
3410 5872
6348 8422
4010 8638
8070 5296
2013 1943
5098 8778
7565 975
1883 8188
3685 6865
9716 946
6461 1044
8690 7522
2107 9601
3438 804
9531 689
7208 7711
4916 6023
6789 7830
2872 6041
8870 102
9465 555
408 4572
528 6315
9851 2878
6862 8375
7223 6610
2956 9984
2594 3124
4291 7137
5654 9631
7455 4930
1439 9971
3838 3361
6158 2184
51 6670
2908 9093
8886 7920
1263 818
495 5374
7003 9526
4220 9120
9683 4788
7742 2297
3103 1307
8157 6517
151 3569
5563 1929
9052 2995
7444 4690
6938 7353
1662 5486
4242 4062
6368 4768
9822 7400
7658 2813
2514 8887
221 8743
3408 516
5517 7555
9878 5668
3029 971
3203 4291
2282 1905
6655 7327
5534 960
4601 5691
9290 9531
961 4628
6393 6643
6837 2104
1500 5456
5990 2742
163 3687
4576 5290
6595 9741
5981 1770
8801 6269
8265 227
7123 5491
5976 5875
8749 2322
150 1489
7370 7119
1548 2756
6704 8091
172 5750
9561 830
6027 2159
9808 3865
8180 3305
7770 1502
4393 3520
9851 3964
4659 9820
577 9291
4580 7896
8780 8396
9680 7234
4384 3397
7128 9500
8963 2282
1048 1130
8266 6093
2917 590
271 2140
8531 1968
4960 8069
1760 9090
1702 7899
3434 7572
2766 5389
6838 8649
3016 3916
3277 3828
2200 7353
6192 9791
2678 2025
138 159
8056 8899
8860 6842
7431 1423
1359 6677
7179 5976
3654 722
5087 6508
9087 8271
7181 7959
4609 8842
5203 519
6301 9110
468 6557
4085 6974
6480 5175
6911 405
3878 6630
8898 7782
2967 4006
5130 2081
3420 6275
492 3748
6722 3945
5334 1972
2910 112
4188 3016
4751 9990
2151 7587
9490 8905
5907 7345
275 2708
6236 2661
6536 6645
3420 317
6372 2472
9002 9360
4305 4952
9511 7642
6162 7174
3445 4397
6282 754
112 7201
6249 4974
404 446
9774 3686
9489 164
4645 414
8992 1237
6895 467
6216 5327
5322 541
6219 7596
4759 3845
8868 887
4513 5288
5664 9065
6284 5842
6691 4797
5414 9136
8430 4364
6213 8455
4563 1553
1040 8940
466 7590
167 8047
3996 4365
5635 9650
5021 6352
4086 8008
9086 8360
7525 6993
3475 1309
3542 4589
5622 1956
7662 2581
4870 3253
1938 4481
9967 4201
9451 4164
1324 7398
5176 8116
2911 7435
4746 7037
4995 6571
5691 9652
2070 5041
82 8246
8859 3719
357 9595
2594 4508
7690 4085
954 5825
7402 7783
7961 714
8508 4217
6710 2196
481 5735
9883 9029
411 3880
8918 5006
8015 1800
263 5239
6686 3023
1694 3619
4558 8535
2408 5278
2922 9188
3882 8033
5691 712
7425 9493
5240 5270
820 8551
829 2273
7845 5508
1387 5720
4779 3936
8393 5869
8157 13
7501 4094
6831 6584
184 3564
3459 3731
7914 1698
252 2812
7965 4893
9299 2970
6638 8612
8375 3393
4599 6228
7976 8568
3429 6567
1945 8653
4270 2288
3378 1336
1376 2593
3854 4458
8750 7589
3499 2663
6843 662
1976 3432
2464 9259
3409 970
1009 4044
4811 8670
8421 9288
2964 6629
2108 6812
470 8472
6201 9128
6165 2604
4807 1307
2654 6666
3601 1232
6049 6274
9448 6124
3895 8788
4778 9339
2595 7866
4225 3400
3627 9073
639 1635
630 2947
2264 4374
478 1073
4676 6680
1712 7276
9397 7355
7066 3052
6180 4960
4593 7864
2721 9572
3421 1380
2967 9845
5089 2078
8976 8871
8361 4787
4002 3407
2204 5471
6538 2845
6182 4255
309 2387
956 6212
7977 8074
5067 1546
9494 909
3921 2383
9343 653
5532 3464
5169 8346
2663 6258
5187 7750
3674 2488
2453 2630
4504 1316
6685 6118
1080 8876
959 1781
1873 5330
9485 5948
6540 5146
2966 8411
1878 1668
5001 9450
3332 4885
3666 6570
7585 7282
3770 3268
2538 7127
4708 5342
4262 9734
9905 8996
5679 1975
8498 6581
7911 1010
2087 3221
1115 7122
9431 8361
7779 8831
1491 2590
3005 3089
6840 436
9979 148
2319 5632
5949 8007
2683 2952
8173 9503
6514 1122
457 9573
7019 4962
5604 1352
5324 3278
5498 8695
4266 3636
4220 7467
1590 7967
6952 4343
992 1232
6442 6512
4047 1289
7567 2778
1086 2536
2494 5714
8431 8820
2777 6780
9998 6812
9597 4059
3865 3429
9953 7165
584 4892
3976 6922
7949 964
9405 9285
1425 431
9908 8008
3318 8303
6722 8457
7274 6330
8797 4644
6929 9496
5020 5831
8652 239
2146 110
3189 6327
6173 6162
5173 8229
8861 1803
7184 4125
8788 4282
4471 7609
1890 2012
9843 3699
7809 7650
1198 6637
7011 1917
4748 2805
116 1981
8875 4382
7637 8881
2256 3102
5667 3342
6033 423
3458 4523
2496 6043
2524 2488
2674 817
6539 2799
4266 2879
4656 1566
1270 6495
6106 9514
8825 2684
2040 4133
5554 1117
1994 8377
783 1489
4305 9993
8486 7682
4983 4296
6276 3023
7607 5041
363 1274
3443 4981
2479 9906
1929 5304
2986 7052
7585 2206
2815 1345
3325 309
2627 306
4183 7823
2854 5845
4866 1610
384 3767
8717 500
4889 4937
8270 6686
3546 9770
3744 6618
3442 7610
5506 5809
8734 2367
7251 397
5647 1619
3660 8961
7531 7817
956 2190
4346 8019
2913 891
6758 9016
2424 1670
8354 1255
4977 8164
2616 7326
2993 621
6127 4594
1654 3229
3243 8499
5242 7137
4802 1490
8111 6264
7883 8330
4906 3386
8229 4753
3738 4221
1579 5395
2246 1762
6110 1356
1736 8604
1050 7476
452 2757
8243 3897
335 3956
2965 2857
1851 1334
3082 6873
8767 8453
380 8405
6813 3379
6823 4025
137 3671
1126 706
1977 2
3290 711
6338 8328
4086 884
457 3203
4557 2321
7234 1281
7044 5619
6710 6630
4788 4839
4833 1813
1461 4047
1931 9788
1644 3208
1688 1046
9896 7953
4982 1270
2517 8118
3627 4688
9489 6829
2262 6678
3608 3013
7713 9319
9879 9367
2804 7682
985 7673
6206 6644
6834 5467
5798 2695
8414 508
1118 9743
3722 2802
7071 3169
9591 7196
8986 1836
3258 7051
9366 3887
3725 5508
1828 3145
6385 5601
5968 9457
3345 384
1454 9090
158 7119
4500 2881
1439 400
5526 3433
3330 2237
2528 3875
3792 2631
7507 5933
8722 8801
3074 2547
837 7383
8575 515
6936 4622
2089 5942
3925 6064
220 1914
552 2805
6669 3006
2212 7910
4274 7649
4795 1688
562 4401
7764 9206
8368 8960
6413 414
4506 8951
676 7221
1552 2501
8653 9426
9850 5410
6090 5862
5541 1611
5017 4549
8976 5371
5055 531
3974 4763
6528 2161
7269 1956
7493 7167
8008 2331
3423 9486
6280 7637
717 3519
876 2734
1756 1719
8868 5678
3375 1807
1268 5830
4250 5966
4056 1113
6403 5601
9107 4785
8726 5490
7667 5951
8045 8502
4599 291
1263 3374
4187 7990
4137 3188
3673 393
5151 3705
9787 3416
9601 2205
6174 7260
3131 3662
7465 5799
5068 3377
3522 5377
6610 8541
8493 7627
6311 4703
550 5188
1046 5694
2442 1929
6343 7296
7304 6209
8706 1006
2919 2959
8539 9495
4205 8112
2724 2884
508 9333
6307 7087
2152 3589
8608 117
8297 7126
9904 967
567 7818
8143 297
4030 6153
6194 2584
8876 1076
2195 838
2367 6069
8659 146
2897 2947
9815 3382
2052 2956
9003 1662
3603 9288
5760 7889
2793 9242
7616 98
2464 9746
7350 3626
6438 1700
4120 1195
9773 4505
3386 2777
7738 5219
5376 7267
805 7447
1482 6819
5228 2784
5348 9136
2878 8485
582 5392
9400 6266
5916 219
4559 1277
4385 4330
4821 3126
3976 1571
6912 3817
278 127
8963 8123
1629 225
6876 5964
7458 9640
3060 2397
5489 6321
7875 4424
358 9869
1971 855
8190 4561
7786 6047
5411 4470
2114 6147
5579 5472
4148 7624
1780 1705
7441 7591
6298 655
7951 7086
4227 3695
8078 3818
7471 1476
9620 7090
6947 7164
3243 5662
8675 3905
4369 463
9525 5537
4705 4209
8246 2186
3513 9715
3456 4627
6971 4276
2782 5692
1892 2926
8991 6315
4768 3829
6413 7770
8489 4055
7236 5380
4472 8048
7832 7784
7042 6089
1709 1838
9999 2586
7416 7421
9440 2306
263 7962
6902 174
2349 1901
2640 9256
1327 9261
3644 3927
1954 389
5389 3932
8080 8766
5122 3667
6634 4679
2358 8252
7002 4598
6439 7748
2288 9165
8430 3209
8340 3399
5029 5454
8023 8935
4033 6409
5000 4509
5521 6579
15 8944
3828 9664
524 5517
6309 743
7993 6066
5297 8530
5443 5451
7480 3592
1031 8537
4869 2510
1172 3144
5333 6752
1612 2643
4542 8465
6458 8774
968 8079
3729 4535
8711 5918
5994 3309
4123 1832
902 4920
4230 6917
8738 7228
9368 1804
2621 5913
6578 4856
2210 194
308 3056
881 1957
8845 8942
1123 9355
2532 5797
6367 2493
8432 1744
4307 4249
5232 7441
9576 2672
8636 8024
1022 9575
2103 2507
4706 6292
8162 1410
5648 5894
494 1649
2277 919
8741 7972
4145 5072
5674 9794
2705 2981
3677 7323
8911 6153
92 7407
8577 7668
8277 1432
1600 2613
4726 8658
7846 9680
2072 1204
8174 2902
371 7505
9587 6946
8649 3822
53 6503
8676 7352
4334 2650
5259 4486
5830 586
1938 8511
9387 1320
3371 1057
8987 1636
5160 7623
7975 4086
3191 8879
7743 9759
4611 8867
1169 2676
4035 2094
4195 7974
1682 72
7649 9161
6724 20
7974 5622
742 5192
7803 4213
6409 1136
1252 9929
7921 9244
1922 8743
6407 8913
5228 9754
4663 2239
7555 4793
7352 8603
2000 7848
9212 9325
5168 3147
3311 8463
4499 2037
9551 2219
8900 3783
4856 4228
5009 2601
8627 2051
1131 2634
5624 6118
8150 4464
5016 2467
9854 7190
8148 8236
3860 3081
4139 6487
2621 2494
3860 2637
8319 7217
4058 1704
504 7392
4304 3008
2129 8765
2073 9484
9964 7581
222 8838
7644 258
9345 3712
6596 4331
4890 7394
9391 7979
7586 491
1798 7400
7686 2467
7302 8515
3870 6909
2114 5176
6339 6014
8905 3876
545 5557
4216 8071
1972 7036
8879 7048
8952 6668
2016 4499
729 9749
8959 3054
2186 4051
7843 1467
7755 7792
4011 2001
7745 9166
7599 2291
8227 6403
7198 11
896 9643
9399 7222
7631 2370
7867 6275
2491 6911
3099 7453
7612 889
3518 3652
4905 7117
6448 2354
6837 3400
8784 7409
1376 5660
9385 7856
3851 2877
340 3217
1907 185
682 4251
310 1396
5193 3879
5299 4222
910 7472
9107 3568
7180 2434
6414 2232
3964 2894
6632 8547
5308 1554
6121 738
5816 7859
4083 9163
5150 2114
1794 3990
7455 9534
1353 6066
8444 5280
8371 7513
8813 3808
5426 8738
7004 5977
3353 9306
6767 4972
1171 533
1464 406
5558 8250
6329 819
9158 7810
8597 3327
8788 7054
2821 3974
4947 3732
5783 2498
1985 4002
3172 4009
2821 8190
5342 4686
6500 6100
3764 3597
7772 3890
5086 6764
3003 334
9545 9984
4477 3646
8979 284
8483 5320
4264 8032
4999 7494
8871 581
3343 1939
6760 647
8223 9656
659 8297
1780 5700
9245 9199
2951 5215
6425 44
237 8368
3845 2023
5255 2654
9375 994
6108 4833
5163 1488
1100 6440
8759 202
3236 9518
9215 5315
2450 3233
8455 5713
6508 2303
2177 4102
8398 1588
4747 1604
5215 8302
3693 2367
7023 142
6236 918
604 416
8085 3147
7237 3291
1501 1158
3419 7668
2852 6651
9523 3056
7271 1597
6945 6407
593 5924
4160 9200
3973 7180
5656 5742
5379 6408
4391 740
5578 8205
5662 3691
7260 8404
9211 9650
1497 1782
9182 9407
7458 3501
2342 9486
9634 8963
4697 7975
5045 1175
7005 3146
1163 8273
4996 7880
4551 5734
988 435
9159 7106
5108 8892
2251 7579
4301 6008
9963 6403
1500 4148
5550 5129
1148 8240
2921 9616
9794 6870
6635 1100
6879 5151
5559 1376
8124 8733
934 7132
557 5805
9004 6453
3213 6683
8233 2387
8609 3253
7915 6067
9604 6104
7088 7069
8140 3926
2399 4168
1052 4834
5323 6344
1025 6818
4189 66
426 1089
4014 369
8073 8687
5325 5563
1450 4323
3993 9316
5626 2969
266 9725
5966 8278
8852 9735
8311 3153
9573 7033
2900 7854
2612 8520
8930 1235
9533 5119
4416 2878
6349 8859
5232 8323
2258 532
3443 5545
6381 224
5261 2494
4414 6591
9679 5834
9711 1319
9463 6753
1226 4878
5026 8956
319 8208
9204 8692
9198 8313
1724 5854
5255 5112
496 2287
148 5554
3216 2270
5344 1297
555 2908
8372 4060
4078 93
3143 7627
3700 628
9522 43
5437 9983
6025 604
713 7761
7409 5955
3285 5196
9398 8635
218 5808
174 7142
2935 3993
8865 6488
3858 9930
7921 8335
5209 1805
2948 7969
6357 5344
9958 7719
5086 9760
3562 6817
8102 9234
6567 7258
6231 2099
5893 274
7361 3252
9517 3332
3257 8001
7806 9153
9946 5235
7592 2211
4992 24
3111 5490
1207 3728
6224 9754
8914 2047
493 517
6220 8481
9169 1396
3484 3204
6805 3292
1 1212
7436 241
5759 7270
6376 2233
8038 6676
577 9267
4656 6358
443 2564
3238 9917
126 6813
2159 846
6588 8009
2315 5610
6599 8293
4765 9670
3466 6425
2382 7742
7078 9160
2738 681
6173 773
1665 7154
5283 4987
613 206
6312 4063
4790 851
3006 6421
2346 7622
7558 42
8853 2821
8689 2288
115 1210
1303 9681
1681 8412
4692 3372
8391 9027
9673 1352
3523 3344
2584 3012
2429 263
9442 6416
7099 8227
1225 6054
2377 3671
2490 8329
2878 2267
4429 2581
581 5631
9663 5348
5410 2897
6501 2444
2552 6876
7376 326
2264 6120
2980 9580
1468 7400
793 3344
380 3958
581 985
8812 6691
8091 7222
3683 865
165 3684
3908 6025
5182 6314
235 2307
3311 4160
3016 6448
8277 7275
1567 3162
641 8969
6985 4584
4633 4908
216 9350
1024 5850
5134 8380
2895 521
4936 2350
176 703
4981 3331
2248 1697
9436 6407
6457 914
3178 4776
7301 5611
1019 2780
9108 5828
9458 8699
7373 4277
4268 94
6497 7485
6766 4107
910 3284
8957 4254
6686 6017
5684 7825
1658 4236
4552 2004
6691 2602
8663 2338
2815 5193
5082 91
4837 4199
7876 7807
2593 1958
9210 9600
891 7277
5279 2296
5453 1113
5611 2422
8374 8812
3861 795
4838 4748
9808 4668
4506 8446
570 1404
8574 4531
8831 4434
4074 4085
8458 6736
5256 6227
4926 5154
2649 4645
4313 1062
4617 1776
2362 771
5762 5657
2257 6369
618 701
8910 5510
5647 5218
7466 963
6496 1388
596 3977
8844 456
7959 8363
4204 9392
5434 9037
3980 8563
9499 6401
5476 4128
5352 2726
322 1599
7362 175
2376 1468
1801 659
3941 3255
5847 8171
8333 3384
2344 3626
3459 364
8054 55
6955 9283
2678 9140
4337 2397
3643 5769
2791 5624
5965 687
9678 6073
9975 401
8957 9431
3167 6045
3193 1502
2874 5408
7491 3241
5266 4075
2914 3127
7085 332
9247 6020
3853 575
4571 9321
376 6122
8750 7453
663 3319
7628 6250
6353 3087
5745 8375
5046 8155
3042 1961
2187 1732
6702 5452
3902 7300
8490 8076
6589 5952
4136 4502
3246 5906
3842 8678
3683 3191
1323 804
8478 1947
3243 7971
1953 4003
7118 7846
2046 8170
8739 8998
6158 8219
875 9829
2163 3370
2233 6171
6295 276
8846 7654
4122 7890
1032 5794
3948 8608
2490 1719
5789 4173
3439 2468
298 1677
7927 7947
5873 6267
5868 2547
3309 3124
3885 1152
4566 3289
1097 3050
2496 5076
6862 8911
5687 8262
9711 306
8185 9418
1694 8709
3561 4147
437 8387
159 3645
6411 9906
2275 7007
5726 7653
8723 4792
8858 880
2243 9169
4883 3007
3694 7198
9285 3961
5694 7397
2051 7234
5269 5970
4012 8980
7216 980
2346 1057
621 4021
5707 295
3356 3109
4369 3134
6575 7838
8418 8261
2664 235
6903 6429
175 2322
5503 4806
4129 3470
1432 6654
4181 7401
5146 1535
4195 8693
3797 7128
7696 6051
7998 3965
936 2392
9485 4614
1455 9909
2601 9979
1310 8089
6424 5493
6309 1575
7208 80
1993 5898
5072 3290
7635 153
1863 4314
4226 3909
7135 3552
4519 5334
3972 7332
5137 4463
665 2524
3479 7955
4243 8648
4916 5401
5346 463
3935 685
1811 1963
9140 5508
9246 7499
1353 4934
9525 3501
4592 7896
4427 1519
286 5876
6685 9837
5789 6379
5721 7499
4870 7315
992 9970
6595 7575
3396 6381
6012 8694
3095 5367
1650 5770
6808 1464
9947 9063
5164 2078
7092 9313
5581 2116
2553 3612
6927 6944
1865 5426
3937 690
6625 5490
3145 3539
5728 3309
4235 8341
5893 3023
7505 7218
3688 6302
8416 2972
3623 6840
3223 5103
1552 6647
199 3862
9778 4713
7280 1655
350 8689
7336 5491
1418 3020
8255 6968
3063 2949
1129 6117
7037 1420
7939 8138
6866 149
6755 2975
1057 3915
7225 5434
1200 4009
4119 8345
2117 3914
8301 8378
3519 8069
8027 3253
4849 606
3474 7306
5022 2546
7801 9102
4887 2195
4750 5717
9550 4216
8875 3852
6370 3881
5191 2463
7330 8877
261 5167
5853 7984
8286 4754
4045 8689
3945 5474
1821 2905
8051 5380
7003 9190
9892 2238
8535 2562
9335 9797
484 2514
637 7592
5892 4428
4741 4918
9570 5025
8448 7591
1083 6339
1501 6356
7483 997
6193 1803
4848 46
3060 705
4130 4530
7405 4928
7214 2843
3144 7444
7535 5044
1550 2508
7168 3503
1650 6517
2294 8887
7593 3665
5474 4186
1391 2747
7008 5442
6657 4066
2097 6458
6179 1498
5343 4343
2421 7497
5066 3427
1087 6211
4677 8570
23 3014
1322 1835
2046 2841
6079 6195
8091 4419
9445 8678
9650 4428
5711 3301
8213 7289
408 589
4391 5271
6328 2956
2772 8818
4914 8991
2787 6468
6439 6894
8925 4848
9624 9675
5291 9789
1181 9740
3540 2334
9653 3860
171 5457
885 7321
5423 1984
3841 1268
4062 7947
6322 4743
7747 9419
7061 7652
748 8762
8858 6781
9927 3987
3755 6949
9351 4964
124 6379
811 9383
8585 2315
9707 6132
7890 7987
1006 9112
1161 8623
3804 3122
6619 772
1413 2567
2366 4042
5968 3146
9660 2438
4438 4021
9582 214
9680 9581
1230 7462
725 4348
4583 2005
9668 5482
5601 6840
1138 6291
9004 966
7973 5494
5147 2666
6637 5635
7114 4073
6146 6677
5021 7331
2286 3422
1829 5025
749 9913
4213 6381
9603 261
3551 1191
4329 136
122 9474
6627 9311
7089 2082
6035 6395
2589 2927
7472 8411
4097 4244
2205 9591
7672 8974
8892 8623
834 2594
8703 9012
6474 1496
2645 6311
3493 8134
5783 4529
4242 4951
6247 9282
4319 4603
271 5292
7303 5189
232 7019
3697 7108
9821 2856
2691 1975
3377 9861
8948 8759
6617 8363
8779 4928
5436 7691
7547 8968
769 4542
1512 825
7873 3188
43 1308
2675 3835
7636 9365
3855 7521
8590 6640
3008 1448
3402 1027
6558 187
8342 4836
7630 2594
4482 7653
4295 9099
7749 1914
2810 3337
4033 8317
1196 2546
4447 8457
1169 4691
4052 4926
7503 6201
8214 9264
2754 7191
1714 7298
3328 5549
8642 6458
274 1949
896 5524
9988 5507
9551 3942
3639 6491
3282 9151
8460 1655
4072 6366
9641 9003
9337 28
8924 6299
8424 4312
2120 8401
9124 5552
2774 5802
6554 7098
7865 2984
915 8683
1433 3670
7220 3181
741 7766
9687 3400
6892 6975
9579 4233
3827 5465
9906 7943
4217 8230
8302 3246
4328 772
4154 4121
4858 3787
253 9032
3639 1488
9596 2215
9938 9081
2 8320
8802 2197
4781 1821
3115 4315
9721 2413
6096 1319
1637 8309
8553 5466
4753 5597
9354 4702
6768 2143
2424 3052
3775 6337
897 7364
292 3808
2888 5440
1940 4079
5351 6876
6768 4616
2834 955
7559 9042
6815 6654
5364 3095
6807 6524
9627 5854
2013 2343
1384 9798
6160 2596
6326 9735
4579 5422
9337 3478
3298 5022
5642 6776
2380 1359
7579 5981
1313 964
8986 7815
732 7587
3967 754
1249 2959
6003 3798
6751 9449
3676 8583
1087 7498
7711 101
560 2454
9755 5954
6046 5138
5626 8654
296 9121
535 2949
1848 9812
1464 8674
5910 6407
2000 6705
444 3107
7666 5852
6002 8838
3565 3748
2525 5670
3107 5819
317 92
847 9436
3493 9509
2112 6601
3667 1919
120 6182
6635 7891
701 7210
8856 2433
3005 1859
7291 3857
8269 6290
2156 2055
5514 7616
2357 913
2178 9050
630 2259
5420 9317
13 3301
9622 5583
8674 9507
6005 7900
749 4156
6255 3287
3288 5634
8069 8528
1726 1641
1214 4326
702 9475
8990 4062
4709 9300
9324 8483
9975 9412
3994 3416
897 4934
6595 9702
8044 6157
9649 2584
4470 1075
5116 6019
1464 4053
1419 9235
301 2240
1566 5991
313 4545
8897 1852
8032 3944
9236 3311
2253 6552
3697 2449
2686 9813
4367 3243
139 3804
9991 4840
5050 4994
4293 4356
8474 4363
5892 9607
5324 7209
2216 7438
6097 8273
8670 8405
283 7434
8119 7068
4789 9513
6676 2987
5873 4639
3647 443
9259 7276
1490 7271
5083 7476
2502 9218
3561 7316
7885 9673
2480 5019
811 2287
994 9841
2191 2528
9621 8487
9717 2333
3744 8146
8593 9691
9163 3181
7219 884
8022 6260
5254 4417
1477 5660
4172 1175
5445 70
5666 7870
4441 6939
8063 5293
7815 5130
4692 592
1257 3925
6468 2181
6482 2035
944 8405
7530 9278
7621 2744
2278 9741
3854 7995
3115 908
4876 6663
3667 9166
9656 2115
578 3568
936 4368
5004 108
4512 8615
6662 6998
6207 2487
9445 3249
5386 3287
1952 7052
2561 8316
6995 8732
156 8771
4837 5222
8561 2977
5326 2853
8448 4930
3746 6147
7337 1810
3540 540
5890 7414
3601 771
5959 200
139 7569
6575 8829
2285 4238
8538 1539
4511 2750
4614 4447
7162 5167
3687 7655
2488 5823
2564 1334
9590 7051
3483 8878
4473 8071
6168 7238
4923 4153
4303 8476
8424 7231
9762 439
4575 1349
5010 6754
1427 5236
7526 4203
1428 1797
9256 7370
2682 8066
7895 7695
8109 3947
1061 6688
6723 4389
8468 9119
4620 3326
4706 2101
2543 5134
5273 4592
9442 2768
9518 8105
7802 7551
4306 2001
4875 9191
6497 6319
8692 174
2946 8575
1242 8390
4363 4817
6191 7001
9264 7814
1108 6789
1228 45
3290 8628
2017 7844
5646 47
4919 6532
7129 8694
6197 1918
5786 6992
5952 1006
520 7699
1876 2741
7963 988
6784 5248
5634 4007
7688 3545
4861 1470
794 2542
1237 9641
1934 4192
9979 6711
2821 1706
1813 5154
519 4988
3143 2278
9848 4305
4547 3995
8324 8706
1456 7776
1816 3976
6380 5887
8982 5847
6901 5061
8444 9834
454 3391
2184 8212
1847 6128
7982 6902
9492 3796
9767 311
2115 9934
675 6134
6617 398
9506 9788
1951 7919
6175 6952
7769 5886
7611 6626
7197 9391
116 6264
6696 6437
5682 6762
392 6219
8992 7142
9258 6481
4919 9128
5012 4375
7234 320
5009 3366
1516 279
2076 4386
8520 2849
2610 1353
8656 7530
162 6253
8159 7233
632 8376
6795 4899
7405 4808
4591 8205
7897 8214
8515 1357
8642 3003
5888 7397
8140 6488
7823 1750
3175 2151
2342 1906
313 5015
5263 1758
7987 7841
5707 3883
6035 8139
682 4896
2779 5616
4043 3730
8425 2090
8523 3349
9007 6067
3481 4709
8991 165
9484 5671
9004 4438
552 6617
1252 3879
7677 2422
3927 3168
3382 9344
9302 9886
540 6068
4599 1991
9381 491
9005 3074
20 2162
3952 863
2 1733
5379 2913
2199 7628
2663 4797
1515 3592
8943 3122
7050 8757
4484 1765
5498 1010
377 4015
3534 7169
1304 7300
7837 2659
1702 4609
9618 9100
9948 5840
9394 8529
9477 2463
531 6594
608 9752
7644 1573
9847 2596
4688 1360
8158 2252
6735 648
2437 9985
7328 4337
5303 4883
7075 6672
8283 8635
2535 777
2379 5796
4403 540
6122 3572
3258 3745
5201 8379
2766 2605
5332 6624
6328 9667
4904 3525
498 5717
8617 5224
873 3049
8719 7408
4718 9191
6999 7272
8427 8244
9545 3130
4644 627
6637 6106
840 2023
7607 9151
7727 3197
9827 7260
5168 4464
1923 6266
966 5374
6905 6258
2938 8356
2211 608
681 3108
2509 8163
5094 7076
5166 7267
300 329
4617 1802
9339 6078
9257 5285
2233 1908
8520 6260
7775 7204
2971 1035
6750 318
4168 3769
9666 2982
7813 1916
6516 8301
6397 3841
9520 8466
6246 398
4742 814
9534 6809
748 4310
7460 6421
3205 7690
3454 6165
8931 7124
4326 3661
2826 1777
3836 7673
1318 4538
6657 2826
4066 140
5491 6112
6145 8396
1995 5007
6686 5253
1698 9558
4316 2676
2666 9794
1840 8588
8839 6979
1267 7315
8329 3155
826 6557
1836 8126
3547 1494
6150 1643
9722 5889
7893 7229
8051 2210
4574 7711
6571 5083
8037 3974
2967 501
4014 2627
1006 8388
2160 4463
5594 187
1427 9002
9575 9879
3364 7069
3187 2093
6530 3488
7891 9938
7656 8218
9098 4010
1975 3782
306 1515
8074 5515
4259 3506
7694 4461
6747 8760
2420 9880
4862 7636
7658 105
7359 4306
361 3254
5578 2918
5352 8314
5010 662
1347 1167
8395 3536
7423 8391
2735 5695
1379 4010
726 9764
3001 87
7763 2768
5347 1216
8161 6678
1245 7864
1478 8673
1028 7872
545 8949
83 6759
6183 842
6331 8739
8852 4534
3755 7779
2172 3920
2718 5663
1380 4598
5306 7772
6720 9699
4119 445
7275 8203
3762 1674
2332 9409
4775 9054
3057 7532
8476 1608
536 7511
4082 9125
9727 6680
7320 1271
6246 9212
8161 5484
1515 7427
187 4478
9304 401
144 1884
6592 6708
351 4293
479 5232
6740 4818
6776 7686
9256 9945
3159 7665
454 89
4111 8766
3823 5386
8480 2865
5396 2811
7651 9111
9777 3009
7783 4011
5250 882
5660 754
7415 7862
1993 5245
2099 1196
9187 5769
1973 446
3249 1858
8038 6290
1680 3224
3822 5315
6681 4841
4585 3453
9961 6595
989 2059
4147 2945
1467 6621
9590 2043
7451 8429
8266 2281
9129 759
35 1513
5802 1789
9289 1383
4332 6424
7546 8651
4196 2906
8370 6681
3826 3835
7681 562
4988 3525
5272 2432
2204 7839
7974 3815
2410 8221
4499 4696
6089 6093
2656 5586
1240 2412
9754 8899
976 2033
6100 7717
5845 9618
6064 7043
418 3153
8945 4417
6319 9231
2489 9252
4643 1222
8324 8603
8434 9298
7841 368
8561 4714
9657 1169
7788 7759
7128 3849
1084 6712
9045 2765
4773 9756
5924 2868
1958 3809
2383 7467
3557 5660
3922 4176
4469 6522
1666 5443
3348 3499
1110 6880
3520 7988
6775 7228
2477 369
8938 2817
3279 1232
5990 644
6246 2319
44 7688
492 7489
7610 437
3183 4576
8325 5362
8041 4507
4774 4820
7774 5952
9138 1824
8757 2122
8136 4679
2831 338
2601 7064
8700 1687
5511 486
9880 5215
2607 6840
5084 9090
6363 8085
7268 3236
1788 128
6758 472
9829 2548
2797 2994
2499 5290
6627 4632
6424 2559
3476 9914
1968 2176
7691 9014
1380 4430
8471 3687
1673 1442
2153 6994
1070 2740
5041 7626
1113 1141
9792 6807
8026 3072
2520 7901
7471 1019
8924 3023
5302 6763
1792 5424
1235 6492
567 9180
4573 2489
6194 435
7435 3764
2776 502
3172 2949
2619 5875
3358 52
889 4804
8349 7558
3750 9867
9454 4631
2441 9560
60 8462
4250 4633
867 2233
2843 9717
5089 8959
6097 6748
5726 2230
4958 6248
9518 308
2719 9263
2194 205
1070 8987
820 8255
2280 541
1056 5790
6599 9000
8087 7438
3008 8150
1284 5312
7295 3434
3384 3541
6788 3458
77 9197
5666 4903
8666 5686
208 6057
7722 6099
4562 84
344 72
8219 5150
7763 9674
9753 8674
5369 8530
4878 3317
6809 2345
8532 9936
13 9721
6653 7386
6731 8394
9640 781
5571 3892
8379 3377
9586 934
9817 501
8114 7215
8574 1501
6914 5168
8180 2414
3789 4725
4760 7582
804 1975
5220 2690
360 1409
7905 6022
151 524
9203 3915
240 6950
8560 634
556 7641
4187 6954
