10000 10000 10000
6893 679
5003 401
4023 8056
5674 8351
7536 4943
3821 3772
5720 9314
3265 5556
3372 1068
8529 1802
2535 521
8198 4349
8871 1029
1992 6215
6709 4899
8137 4668
8884 8912
8921 9509
9977 1775
7709 1352
554 1676
1504 4327
4042 4954
5183 3277
6848 2182
416 7462
4408 5768
4093 1311
5712 437
8722 5570
8077 3659
2553 129
7274 5669
4706 6129
6187 1017
2965 1819
4083 5460
8936 180
1549 6372
5398 719
7757 5504
9200 8411
1871 9161
9485 9106
2684 2240
5281 2510
1955 5777
4799 8020
1702 5704
5894 5009
7101 1191
9419 1879
3013 2713
6387 6352
9219 1912
5018 8077
5346 5720
6334 2106
5985 9164
7019 6437
6183 8995
4115 2976
7993 5057
6365 4708
3596 2498
8984 7215
5198 4550
9771 5942
1710 8602
2611 19
3088 800
6097 7575
4003 2320
1893 3846
8504 9198
1971 7514
5308 8226
7984 2147
101 4256
5054 1133
1449 4324
5888 5673
2430 5518
6815 7477
1913 3494
3933 9324
1682 7389
85 8434
3054 3720
5523 7708
8708 8062
6715 8806
4314 5159
8779 7874
6756 4368
6945 7258
4742 730
7836 8904
2676 2264
7139 8185
6002 2878
365 5292
3848 5426
181 16
7260 7452
194 5451
581 931
5819 3784
3324 9601
271 5524
2044 6591
1128 945
4974 8482
2273 5690
6055 9424
3859 84
317 8949
2516 4545
1334 6308
9317 6859
2913 2888
9201 9099
259 6137
2048 8495
2513 2564
4169 903
2810 7944
8797 7553
7808 932
944 7183
7514 2311
2927 4070
1068 2561
3818 5513
1865 2376
3954 6629
1198 2099
780 4375
2219 6220
236 6121
6927 2048
1078 467
754 124
9830 9672
6845 9671
1809 9838
3481 749
752 7248
8500 9718
2993 1638
6488 4386
7322 3915
7240 9025
7421 4249
4058 1154
6017 5462
4531 8259
9745 3612
8233 9146
1254 5024
6408 9026
3429 2026
2888 1381
5535 1099
7576 2641
7858 973
9668 1649
8459 7748
4021 3382
9778 356
1527 625
5379 1994
6079 2854
6003 9126
4871 8662
1264 9554
1568 9256
5395 8959
768 6253
2034 7448
4273 4211
9874 966
4905 2815
4351 8220
2868 8895
6049 2644
6932 3848
6445 1935
7594 7724
6374 590
1284 3660
7793 7025
4670 2142
2350 3899
5218 1669
3335 1900
9787 910
2197 7889
8176 9497
4695 1100
3929 2472
1940 4701
4461 6560
3559 3328
8829 1459
1757 9616
6789 4673
1750 4030
735 9079
3924 7171
5600 6661
9739 6959
2402 6735
1248 1053
8272 4396
6087 3670
9017 7475
293 5853
8441 9656
7998 8909
2366 1469
4571 728
8058 5702
333 7985
6479 1687
549 9247
5909 6755
8118 4548
478 1712
4619 4892
344 9589
8032 5595
7943 8678
5738 4067
1211 6669
4629 6371
5387 3428
397 965
1009 4643
6023 227
2673 4031
880 377
8061 1998
4205 2939
6869 7231
1232 1789
2398 858
7362 267
7706 5972
6847 7765
9014 464
5458 4599
3118 894
5374 3220
8568 3279
3100 1757
5001 4767
14 7576
7074 2094
1295 1026
9827 4760
3417 4882
1518 6569
5010 5415
9149 8623
2651 4946
4241 3322
1688 4217
2943 3254
6177 6843
9052 7784
2863 7658
8461 1096
7669 1698
7168 7419
7228 2458
5935 5143
6703 9794
7373 5323
514 431
4443 6848
2385 1626
3242 5949
8480 1790
4190 25
1650 4267
1274 6648
8280 2742
419 3806
465 6758
8484 4020
979 2182
2494 4435
6032 2217
832 1188
142 1503
9027 3917
7164 1247
7572 9503
6428 5453
9522 8551
2266 9784
2760 2929
1478 5654
5391 7715
478 1477
5200 2293
9617 5804
2723 8154
5315 5538
7242 9084
4614 2136
135 7244
509 2469
5306 2205
3977 309
9091 8291
5426 7081
5771 4602
9651 4252
4762 1124
2492 3725
103 6829
5616 7620
4643 9881
4630 1849
5276 8880
7059 8542
2568 9798
8518 2684
8163 5670
4474 9783
9604 5754
3344 1800
3432 9258
4948 7282
178 2752
9618 3
4442 1043
8983 6716
6557 4316
8614 4140
5193 5345
7882 8894
9603 4746
6790 5828
2090 9100
6590 9993
454 4553
868 5415
7328 1540
464 9978
9403 4428
6589 2565
3259 6560
394 5596
3758 7060
6712 6029
4762 5485
2793 8897
5910 4068
9093 3514
167 8101
9498 2175
9903 9380
384 3590
8382 6870
1864 934
3367 7071
5000 8671
6975 1448
7563 8650
8920 5042
9029 698
3253 4442
8760 6764
124 97
8823 2831
8075 4027
1579 5353
8489 4747
2370 1853
5845 6453
8494 9257
9461 180
4002 3092
2814 4658
7548 1811
7483 5933
1658 6596
813 4456
3848 9891
3327 6447
9689 2833
603 8255
5382 6533
992 2973
6422 4286
5801 3328
2792 6150
7973 6010
3253 6729
4892 4887
2383 101
1751 9528
9439 201
6989 4202
2706 2855
8180 7514
3919 7309
5442 2500
1476 442
6623 1531
6229 3322
2032 7639
7810 3667
4889 3650
1315 5388
406 5919
399 4186
7482 8902
2149 8658
6500 1988
5778 2576
8334 4336
5724 4196
7500 8578
1478 808
5869 5973
2253 3734
4885 4462
258 6868
141 5664
7218 7730
3164 2254
2227 2164
3182 2091
2732 8389
4826 7409
8059 3463
9162 185
889 8443
8417 6202
776 6192
6300 3533
3030 4865
8509 9531
8058 255
8183 4546
5719 8041
8722 4317
2172 871
402 3919
3807 4564
1877 974
7084 8138
8932 9170
5520 6782
938 8101
1425 4069
6980 4980
1964 3416
7394 7195
8885 2173
8395 9353
2615 4262
8306 3706
9792 8200
1445 6401
3717 8382
594 8536
8647 9369
7902 9991
9905 4466
5547 1046
9263 9872
6294 1501
1380 77
8675 6389
5463 8736
5440 7099
8909 695
9370 2064
3024 475
4039 5842
5148 2846
2883 2831
541 5914
6521 7582
6839 8962
1607 8411
1859 2120
3339 3402
9286 7493
3923 4489
2135 2921
6026 536
5750 1398
1223 7632
9805 2120
6866 5169
4094 2892
2448 5837
9221 7118
7649 8034
8301 5562
3435 2824
1849 5036
745 3285
116 6810
3201 1225
895 5659
9869 8068
3565 4435
1526 1192
8365 4768
5547 4561
9963 4381
9264 9581
8372 4144
2825 6492
1193 4612
6921 153
7729 6709
4836 7422
2545 6041
8633 143
4634 2710
9806 6892
793 896
2719 7322
1340 8716
5258 7552
8847 3805
2360 2832
3642 3044
9620 1691
110 8487
3860 9708
9420 1152
6959 4783
3019 9621
493 1921
9534 6414
2448 5708
8604 9509
2304 6380
4468 7773
3338 8914
1369 1660
6330 5666
1635 6335
2023 4988
6838 530
3815 8176
8805 6131
5955 4375
9065 7193
8244 3702
4934 2480
3967 7203
6060 1664
3142 3913
8558 7075
4597 9088
8560 5049
6978 4446
2137 2341
1074 9581
41 7847
7829 1575
3641 1947
4000 9218
8833 9991
7675 5024
3453 1651
3594 9381
2716 2258
7199 2837
9111 189
9849 6035
8996 3536
1120 4278
4746 7490
7708 3497
2777 4202
614 1976
8255 2614
6218 7156
4941 8472
7425 238
4775 4238
4885 8021
7229 8572
1530 4214
2688 2778
8685 9466
6531 4586
8050 6001
9412 9543
6231 8086
2770 3369
9984 5988
4180 4370
7764 582
3600 994
9442 7576
9389 372
2602 3383
5799 4123
8967 7856
5881 2311
2446 266
606 3776
220 6479
8784 738
6872 2294
6606 36
9116 6200
7799 3258
4167 5494
6787 8816
1925 8491
739 3375
592 1066
1965 3291
5819 7154
6496 7741
8656 2760
7475 3447
462 8497
4449 4585
9135 8932
8797 4270
5594 373
4121 1974
5823 3669
3141 5916
3703 387
3 6561
7633 6180
1298 6392
2841 7749
3419 2173
546 5863
5741 2967
9859 4959
4578 4077
481 4034
6607 4500
7240 7548
6049 5564
39 7572
6598 3760
9517 6217
9058 5763
2219 2283
6015 6453
9058 2948
6673 628
316 1065
5903 5018
8144 217
4808 8815
4800 3068
3337 4082
9106 7841
6872 9188
187 9517
4840 2166
63 4841
8099 8354
9878 2741
8186 7005
2881 9953
2158 2190
7511 5752
7984 5289
1803 2602
4451 857
7311 6388
9801 3175
7448 984
8426 9181
6367 9378
4153 584
4107 5962
5132 4664
9026 4226
3762 6668
3176 5511
6372 1594
8665 5012
7184 647
7121 5425
7052 3021
7683 2577
8091 194
2775 3892
8286 5485
4782 3092
2324 922
5215 5896
6351 4470
2620 3211
7249 6952
2117 9380
5209 5390
3904 8584
8040 1166
9865 5075
2172 189
5466 1047
5684 5912
5277 8428
7915 6945
3379 8727
3111 5539
1854 3122
3307 4160
9357 8955
4566 1776
5054 5083
6052 5365
4720 7707
3055 2412
5831 971
6561 347
2911 7019
448 1941
5584 7096
3895 6271
3426 3597
918 2547
7068 927
2289 6612
8185 9421
466 1617
8170 5026
9634 98
9703 539
6579 4096
7750 987
9624 8965
6677 2278
9112 8596
5203 4553
9033 2727
9475 7158
1894 2316
835 1661
8456 318
3601 3946
5756 275
5324 1015
4579 6576
7692 26
6534 1367
2247 8116
8976 3113
4013 1911
8764 9554
8298 7116
3141 365
1040 3372
4769 1417
9938 1974
4412 7599
6008 7312
1064 1285
1997 6010
5519 8191
6468 2493
3395 2282
3255 6909
1445 6357
2158 6722
4826 7505
1371 5109
8767 3143
8868 8956
7296 5675
2004 1549
9698 7299
1820 5825
7282 9502
2911 2756
5976 3871
9240 2639
1619 6653
8236 859
2446 8021
8497 2051
4869 3464
6010 8745
836 3420
7070 1266
9224 1114
5006 3491
5470 8170
4971 1613
8396 8529
3859 7956
2848 4720
7853 4908
4672 4697
6922 4444
8216 2378
2452 9871
8256 5461
4041 4415
7022 622
1261 7784
6891 1307
4479 352
1058 4272
5349 8179
9751 1470
4171 8091
8333 7267
1853 1250
7110 4761
3384 1063
3373 3330
7553 7563
2304 1582
9335 2697
2266 5664
4887 7856
317 9985
5303 225
4480 7220
437 2733
246 4112
8251 1962
9148 6242
7440 4493
6508 8409
9028 9326
7416 4415
3395 7757
1109 8397
1950 4357
4084 7449
6027 4526
2959 8697
8680 5496
6987 368
2785 4200
3215 6152
7846 5317
7407 9661
9242 8299
6834 6482
9282 5937
6277 2863
2468 6310
2305 8235
1241 8231
5393 6650
2248 1854
297 5656
2025 9752
8059 7754
9690 743
1684 8186
2567 142
3527 4659
6262 7896
532 2545
5635 8018
8870 3927
7074 34
509 2298
801 528
5898 9838
7554 5541
2708 8971
652 3135
7708 8623
9401 601
1089 6275
5317 5285
5360 984
8407 9687
9900 6867
8027 8141
7026 4047
3863 5887
1602 116
6684 2011
4691 491
2337 7710
7630 7308
5096 372
6267 4555
8622 1581
2690 2042
7235 5633
8379 9559
9838 2095
5640 7028
204 7362
7008 5846
4188 3284
6801 2631
3967 9065
7255 4488
2218 1736
477 4650
1248 4543
4373 1447
6067 4917
6170 5090
2650 6185
1655 5818
4502 1184
6105 8123
3735 5659
4930 1579
6478 8495
8994 2548
4659 6510
8737 914
5409 3922
2078 5643
470 1532
9337 3572
44 9667
8970 5042
1048 1919
5615 4173
7498 2147
9923 8647
9438 8406
2296 4383
6735 6114
3880 5311
3012 8824
5630 5254
4280 4106
5708 4115
5270 2965
3697 5500
5931 4929
1343 5334
2940 5685
5250 471
2783 1075
1466 8404
4428 2147
4521 8635
9007 217
1602 6698
5555 1876
1256 5282
9934 7038
3086 4683
3179 74
4513 9196
2150 1997
3430 9867
1999 1345
9734 8742
2170 4482
1504 3458
9539 7835
8187 1362
8458 3763
9775 3419
7881 4126
3351 1887
6377 2470
3405 2453
9706 9326
3240 2676
1045 3312
4275 4693
3408 8464
6908 5673
1542 6901
8861 3963
8520 6041
289 8449
5663 9516
3705 3025
1250 9928
4523 5859
6200 1873
3522 6453
771 8110
9695 6389
2549 6709
1688 1723
7153 2679
9713 9993
8276 7500
1002 8993
3472 6904
6922 4948
8760 9521
772 1936
2592 335
9998 4997
760 9214
963 9378
2868 6123
8625 4374
8098 5326
9243 1286
6401 8322
9360 1549
7381 2208
3553 4258
1665 9560
5310 5006
1870 4712
8137 4188
9500 952
4688 111
4157 6374
1747 4701
6788 498
5727 8638
6453 4541
3438 3871
3784 1553
3380 8868
1245 9902
8775 5811
8999 1650
9120 3819
565 6504
4910 7292
1628 5681
5785 4729
2565 8873
7625 9274
677 9264
9787 3563
6385 2975
9068 9228
7476 3918
1986 5817
2758 9730
2592 9973
276 9615
1394 6271
5792 5086
5539 6590
7278 2918
242 7792
6347 6551
2046 8557
6228 5453
9068 5817
2311 8067
7672 2311
6170 5666
6582 3437
1243 5010
375 9254
6681 1593
3733 954
5655 2665
2512 8751
246 8741
8400 9145
3619 7632
9431 1146
2282 2528
6559 8052
7552 3556
7520 1535
6405 1074
2246 5464
1399 5194
7758 3024
4369 8142
1064 6369
2527 2435
4928 7487
5940 8445
1214 6297
6957 17
3378 3929
4716 9407
9233 1173
6389 7639
1594 4731
4500 1804
9304 4241
123 6534
5454 793
7403 8536
6416 748
6893 9309
6661 747
4337 5797
5344 1688
7128 1820
7419 6174
8047 4048
949 3859
7850 4740
4927 3996
5033 8420
7588 4734
4593 458
3420 4430
306 6672
6842 5188
6942 6396
2987 7006
6770 6145
8738 9189
3265 3004
3786 5992
1710 5732
151 5690
18 3380
4618 5989
5392 8405
9794 1824
7165 3738
8819 1211
7235 617
8715 2511
6658 1244
3850 1575
2909 3105
6810 2523
7107 9540
408 9347
7456 8991
2036 7378
2563 8351
4878 3627
591 8590
8289 9055
5306 6892
9506 8800
9193 7810
2237 2027
1056 5843
1483 2988
4479 8750
2334 4311
2712 499
7570 1629
3450 7803
8485 6379
3143 7647
9695 1846
4897 3749
5697 5121
3042 6536
6699 8775
2731 8939
8081 6971
7261 233
108 116
1632 8554
9709 6475
6553 2178
7637 7980
3096 2531
1784 1869
6825 3301
3121 8032
5534 2339
6709 4275
123 5023
8491 7
1916 4484
6170 8327
3919 3630
5407 9555
4319 9711
6984 5982
4979 229
2756 3170
6502 5712
1076 4840
3329 7750
8225 3537
2455 3439
9218 589
6565 6388
5515 2419
7327 4598
1434 3405
8130 2599
9306 9063
293 395
4858 4971
8239 8674
4403 5457
1848 4599
8598 5504
1705 8375
3034 9474
6629 7263
7212 8218
9128 1212
9179 3110
4991 2860
4696 8528
641 8973
8713 4275
4442 9705
7148 6705
2203 8011
6577 2479
446 8569
1835 23
815 7911
396 183
6056 5518
2665 6895
5698 4343
6643 8209
7417 3561
5627 2180
5999 205
401 1098
8114 4750
6465 842
9575 9667
9775 4298
6020 3120
2499 7721
153 6794
9094 5234
5515 4080
5441 7801
8120 5647
3417 7339
4223 4670
4327 5047
416 3152
88 4622
1075 5190
552 6184
5016 9664
9668 1824
9232 2706
2388 1480
9196 9853
254 980
8255 6630
1375 8024
8475 5314
2395 3627
1561 7094
2992 4232
1416 3285
3158 8398
8727 9754
1349 8255
4339 7932
586 1502
6177 2263
8933 6173
7601 2256
876 275
3099 5164
5970 914
8199 1469
3217 1426
7290 7829
4994 4223
7298 8393
1195 9720
9052 2363
1747 1624
7974 9662
3180 364
6000 6606
3422 204
3414 4500
9765 4627
6051 472
7069 2027
7606 88
8294 1994
4586 6162
6663 8371
8127 8022
7386 6703
123 3605
9506 6235
326 6677
6031 1688
2078 6368
7756 1831
3276 8282
209 4880
7550 6932
1364 4215
1382 596
4058 8716
8865 1976
68 9381
3589 7406
4992 9025
6714 8228
9936 6028
3490 6872
5098 2551
907 290
3466 3020
669 5995
7203 6392
9379 4394
9883 1437
7933 4273
5853 6260
8524 6962
1439 691
5958 5694
1385 7931
1960 7548
8510 2983
5215 3817
8428 4320
3463 9315
1406 9837
764 3978
5577 4711
9287 6704
3754 1956
6526 5617
1087 8127
5913 2794
3845 3397
9553 6040
7822 7243
983 4238
8826 6460
5215 6781
143 8198
9361 7110
3503 3879
3586 7853
3858 5409
7197 5240
9175 9822
9105 8979
8624 1249
532 1454
6418 1156
2054 1230
1218 1839
3257 8143
6426 285
5748 7028
7507 7969
7557 2580
7964 9084
3552 4547
2268 3763
5539 7309
1554 5715
263 4717
8432 801
3727 9623
4935 1967
6176 7966
4511 4907
1844 8823
8348 1741
7809 3119
7014 8887
6178 1483
6406 2172
7383 6445
8975 3444
355 6374
173 7071
3162 9380
3853 8993
4531 7976
5147 8581
303 5842
5823 5148
159 8783
4956 4320
631 6999
3147 9673
9654 6557
2921 531
9164 6871
9306 8897
2055 1999
7066 2126
4582 2671
7694 9593
4485 6303
10 9416
3454 3518
7752 9540
7353 1715
8124 9922
2678 5151
2109 5292
7186 3687
1707 3583
7696 8118
562 7825
3310 6430
3645 5399
9221 1534
9093 9922
430 4025
2848 7760
9529 6448
8474 2027
1139 5500
1781 4663
7207 4394
6674 2036
3156 8057
5840 6798
946 9053
5426 5571
3171 187
7288 7563
4578 3832
4299 834
6352 6270
8556 1227
9329 8244
9760 7604
7134 5463
3892 7538
3811 4745
3988 1569
2554 1664
5705 9911
629 7630
7650 9983
6048 4707
7768 8018
9010 1176
4823 1154
2960 54
6333 9504
9362 4913
4194 6736
4932 1564
1069 6763
8672 7681
3267 1795
2527 8701
9522 3786
3509 7299
8026 6319
1477 4043
4972 2400
852 8579
3256 5751
9778 3310
3835 6668
8076 5063
403 6376
5852 3953
139 4893
3875 7070
6159 977
2276 7820
7981 7464
2641 7961
1051 911
5057 8653
7194 2988
9776 4004
3070 5404
4586 2203
7499 7358
2920 8872
2638 5752
3076 4424
616 7939
7983 8459
3172 3656
9375 6642
6622 7084
480 2420
7723 551
9353 8553
7609 4382
770 1461
10000 2037
2934 767
4847 6415
8514 9742
5702 6956
1224 5818
2339 7250
3888 6126
1532 3748
8933 5767
9582 6270
7292 4999
1089 9329
1256 3077
9549 8364
5317 1593
6662 5804
9739 3105
9703 7752
4098 8533
3301 8531
2804 2126
9370 5256
3830 6298
8421 8355
6679 2592
5018 968
6931 5270
7334 2617
6347 5794
4332 8847
4353 378
5697 7287
6109 3418
3190 6597
1489 5135
3717 7264
7698 7035
7885 4179
309 6560
1203 370
6031 2946
2530 3299
744 8585
8962 2645
3148 4361
8138 1831
8225 3969
3710 7462
6227 5405
5163 644
8859 3820
7427 9619
2987 2984
1600 9448
9666 5775
6389 8816
9079 1775
845 97
5428 7559
8061 3903
5546 2559
8609 3784
7467 7205
2398 8518
398 4977
652 8383
1318 6031
8248 1494
7232 7762
2148 1406
7610 8938
7351 6039
670 1976
1865 3028
3312 3229
3391 6852
8458 7000
1350 5136
7980 2644
5869 7486
7370 3605
7107 975
3664 9923
9790 4564
6138 8732
2882 6504
4657 4741
2918 2761
9737 9357
4304 6731
3413 3821
3470 7609
3543 3385
7851 8382
7914 9809
9260 227
4366 1695
2116 3954
3155 5432
3656 7379
2908 883
7794 5951
648 179
502 2165
2063 6339
7544 5586
2501 2387
5237 2642
9157 238
4493 2787
1604 4810
3727 3360
9249 905
7389 8163
9345 6338
9574 4792
8156 9448
3946 2939
3026 1468
9895 5616
8821 7575
1051 2127
6292 2160
6920 3069
520 5607
8282 6752
496 3596
5922 7800
7939 4431
4872 1703
5102 6835
5343 6620
423 320
3053 2835
6754 9063
6146 7239
4997 2605
7836 7343
7710 9317
8243 9
9712 5188
2200 3223
4990 7115
5712 7218
7365 3835
7125 9182
7273 8122
2732 3033
5673 791
199 281
1344 4830
636 4514
4299 4029
4346 8192
2269 5708
6843 5954
8246 7816
8655 9847
6453 9129
6 1258
1868 8905
368 7631
4511 3098
4125 399
7740 1785
2890 2221
8647 1097
4414 2556
6501 338
5003 8908
5870 7664
1409 4894
2203 6629
4153 9070
2907 583
334 3705
9898 2553
3433 7059
481 2726
3170 5215
9843 888
8220 9725
4260 5238
8401 6730
9473 4243
2321 2475
1482 5162
6639 8641
5320 4364
5273 6277
784 3453
9270 2171
8406 6845
2572 6930
5186 2810
8684 8635
9830 751
6033 9599
2369 534
4892 414
9522 1561
9773 4641
8556 9805
9099 6274
2063 5246
3651 2804
1033 8689
5984 5313
4370 2897
2571 1484
8853 5495
7333 1950
9464 1888
204 5343
3545 4186
1619 3177
7675 2594
1782 956
4549 1960
8787 1325
2332 8232
6188 6694
5136 574
2727 5879
9568 5896
221 588
3770 4811
2750 1778
9158 5507
3000 1374
9430 9601
1140 4506
2707 5832
9441 6834
2372 6860
8397 3737
2619 3587
6738 5160
9750 5697
1198 2593
9584 5999
5192 6916
5735 2841
3783 9108
615 5537
2369 252
8579 1522
7320 31
9315 8208
9048 8762
1941 3893
2792 6234
4694 8997
5505 1851
9750 3850
4577 5570
2420 1864
9301 4197
5036 4434
4970 3577
5428 9007
2759 6277
7239 2436
118 86
2053 9844
9092 2150
1707 7222
6356 7174
9664 706
7831 5848
1089 3182
1441 1880
2019 9918
7702 8630
1130 8459
1803 1356
7020 7256
3780 3991
4099 574
9329 3686
2205 9488
8703 7317
6514 8741
9740 2545
1404 6727
4820 4400
4643 3208
3868 5755
2567 1148
5713 8985
9299 1834
8194 7772
7938 6307
2531 1408
7717 2038
9205 9869
6332 918
3362 3215
9604 9904
8337 5063
2620 442
8732 3919
2065 9909
9652 6195
4961 9177
2428 8304
8235 2615
7966 4581
9566 8270
3299 4361
9172 412
1132 85
5387 2883
635 397
9427 5904
6745 2593
8990 5315
2464 8279
9920 1090
919 6817
2788 2472
9920 4477
4439 1993
9314 3063
4404 7734
291 4025
7107 7863
2521 8042
7323 4519
5296 2794
6656 7742
7454 8207
3506 2371
949 3825
3495 284
9209 362
6281 9856
5366 8443
9030 5874
966 6839
6840 8420
2778 6491
4859 4295
4068 7784
3867 9967
5639 3672
2925 2446
2646 3723
3736 2477
3838 7865
1646 5489
7938 395
5611 698
7818 9978
6026 8912
9927 9627
6455 8725
7104 7795
3457 7582
6904 7745
153 4824
6715 4294
5371 2473
1273 4554
189 8052
5653 879
7092 4438
3302 8554
9425 7719
2979 5094
1398 6379
3587 2201
339 934
3140 5381
5108 1681
4253 6925
228 7075
3830 8840
1285 7719
7150 1511
2466 1439
8361 6254
7380 9122
6126 6629
1145 444
4008 1891
1797 2966
6065 5487
9206 3307
5657 2901
5324 9459
1517 539
5959 2113
8063 5295
5310 5503
371 7340
9941 8961
2933 7533
4070 1015
8822 3965
743 3631
5788 2773
7535 8021
2063 951
8751 5321
6754 3867
502 2378
1558 7400
9934 3539
1368 2511
3607 9198
2685 6566
8714 3047
7365 8416
6937 6520
6188 8744
7616 6782
128 4048
8939 2833
4242 6814
6827 3559
700 2865
6789 8721
3725 4091
1128 5512
524 9569
802 6261
8245 2323
5117 6690
2101 1061
1155 9399
6405 6349
2838 3457
8921 4572
4513 6982
1743 6942
9765 2491
2307 2410
1758 7048
1794 7865
4609 3093
6960 9533
9535 3990
5460 1486
4570 805
3043 8447
2417 595
3134 9428
6283 8315
9963 2043
3405 4882
8074 4076
7556 4103
6099 7008
51 6560
5023 1646
7368 1273
7254 5450
5665 8853
8774 3303
6920 1413
6471 5055
8732 4808
3839 779
953 5946
4123 9408
3165 9822
3327 480
1626 5408
4382 4972
6267 6534
2431 8490
6655 1380
6904 3028
2657 278
1759 1650
1215 1915
5155 7052
4315 9662
2854 6314
1539 5790
6687 2445
7889 8145
8785 9800
7713 3086
9771 4578
9947 1777
4740 9025
3975 4889
4451 7094
5401 8319
7218 4931
6601 2936
9925 3980
5192 5598
4917 9131
8983 9584
3376 9740
9629 66
6099 5127
8634 8478
1620 926
7575 3174
1513 4374
7597 2797
8203 5166
1182 8667
8904 1825
5109 2567
1614 5982
4866 4454
3222 5556
4618 8012
1991 9344
97 173
5549 615
5328 9003
7611 7967
579 6595
1747 3043
4143 4257
8921 1282
1487 4276
8974 2420
8610 778
9044 4806
2738 6158
5309 73
6278 8142
8356 9321
7533 5890
8065 9334
5811 9429
8585 9890
1966 5757
1807 2692
3259 359
3534 4671
9864 7268
8959 6600
9082 8655
4617 1863
9705 2857
1068 8054
3786 3341
8321 6964
9667 8700
4797 2835
2118 735
3472 2669
3796 3832
4216 913
9169 9919
2726 3066
5481 9271
5984 3654
2649 4752
9988 7326
2625 3380
5851 7448
9249 9445
7774 6102
1391 9555
1532 8976
2803 9409
7804 4511
9150 7296
8991 402
2518 3764
5987 7854
8072 5300
5726 155
7527 8143
4421 4373
1734 7349
6283 9616
7877 3648
2204 2791
5237 122
7621 6724
5103 4287
2290 4208
7060 9363
2813 7303
7355 9421
4533 2871
1836 6553
3529 6530
6819 8389
4450 8943
6255 4660
8512 7115
739 7975
5339 9196
7859 6248
9776 8148
2279 6880
7187 6006
6991 8583
8960 4356
6183 1165
9217 3821
641 2457
4756 5331
525 8228
3322 2069
6657 5666
1872 6293
6854 2833
7440 8211
3550 3595
5937 1687
1477 4034
1030 6251
2352 9881
5168 2772
4616 1297
2094 9604
486 356
6137 7337
9016 1296
7759 2450
4010 1495
4552 9513
426 1087
8856 2956
9720 7439
8340 5094
3752 564
5178 5865
4048 5661
226 7292
116 9563
844 839
5924 4235
4348 5008
8488 4594
9978 6515
3717 2571
744 7850
9142 5785
8632 4398
2212 3125
7627 7589
7881 8824
3752 9900
4381 2743
7675 5460
5776 6651
9358 3282
3771 8272
1513 8530
577 8478
7131 1059
8508 5541
2699 9147
9171 3079
6013 6093
8768 9186
2971 4275
8817 4081
8327 248
7042 3781
4249 7865
6658 2163
6356 854
3314 9145
1244 6210
2939 9973
4537 8108
2649 5126
2907 3257
8801 6147
1893 7765
1447 8458
2297 1204
1288 6581
6282 2656
3164 5407
7082 894
1030 5487
392 5025
3625 3075
1092 9649
3257 6786
9391 99
1247 901
2135 6510
8709 842
7242 2017
8062 2343
8071 4709
213 3498
9227 7618
8057 4680
1544 9172
550 3340
7860 1670
9001 3101
1141 4623
5763 6520
4851 1301
5271 3496
8845 5378
2420 2685
6154 3593
3330 3157
9090 5251
974 1254
9301 7677
9221 8746
2249 7988
2856 4205
5967 5792
7442 6637
5688 9096
1398 9610
6381 459
5471 858
5191 5403
1277 1682
2616 8308
1685 8080
2930 9221
9736 1350
9423 8384
7742 8149
8733 7143
2022 2609
3039 4942
9185 5565
9106 7657
6213 179
97 5304
4695 7747
841 1984
8528 3333
3818 3553
7969 1176
2788 6551
6065 1223
2839 8879
2509 5896
6499 2088
380 2586
2407 7997
6121 2183
7378 955
8042 798
7400 1576
2055 6946
6478 8345
4228 4637
7204 8690
1484 7354
1620 859
7946 1443
1033 2765
1990 4452
3416 2754
2682 7641
5602 9628
8600 2048
4452 9204
891 8539
104 6151
1925 2945
2629 5780
1374 5324
7124 9275
1682 9807
8734 5799
2642 6783
9467 6880
8756 483
5272 7094
9831 2927
358 508
506 9478
8899 3428
4096 4803
3143 2574
5445 4530
1314 8652
6012 6714
9152 6128
3511 8260
4689 4326
2963 5243
2008 534
4719 9414
4493 6579
6095 7478
3860 4289
2843 8709
6951 6179
9478 7678
4154 1194
2041 3231
5731 6558
1878 2335
6465 1837
1118 8513
3861 6673
3834 5673
6092 9614
5796 1049
2888 4585
3726 6622
4539 6875
9435 7610
1403 4759
6719 2943
6989 5803
7021 6280
9332 1678
6965 569
1400 8683
8660 7772
2815 847
2793 8995
9845 4813
1752 3748
4819 6625
3885 2442
1219 5591
3069 978
3776 7369
5348 1463
4171 7935
9326 9486
9909 7665
340 5016
9600 6952
214 1063
1419 696
7718 8947
1548 4302
9740 2470
829 519
4221 5305
7123 2049
2897 791
1178 9418
2942 2937
2555 6713
5932 8701
5917 7017
5094 8496
3672 4823
3367 6748
1803 4039
3659 9888
3226 7093
7813 338
8381 3865
8332 6563
8892 8473
2634 1684
7526 5885
8533 7889
9698 4530
4404 8108
8806 8695
6979 5973
63 8709
7398 6548
4741 813
7549 8287
8129 9741
7536 379
4533 689
2300 7513
8320 2471
5482 9587
6916 6386
3737 7402
3461 4875
7128 9795
3455 1916
1059 8265
5694 4756
4942 7576
611 3179
8577 5981
8646 9332
940 7915
8514 8988
198 8429
2861 5787
9489 7410
9028 4211
9761 4524
779 4089
7307 6364
5600 321
7525 1234
9434 2706
4652 5516
4417 673
4379 3377
2186 6323
2529 2515
5475 4634
8897 6818
2202 3735
8507 2146
9951 8632
1977 2085
5278 3511
2631 2522
8560 9920
1757 2358
4406 2629
5703 9462
1403 4421
3005 4608
8536 3137
4016 7925
6941 9438
4361 9549
9403 7552
889 106
9356 9133
3669 3038
7510 1108
9516 9758
169 8579
2406 5298
3673 6105
268 7328
6226 4024
6660 7002
3923 245
837 1615
4030 4038
8447 1016
4120 8660
7278 686
8339 220
4605 1005
4604 9356
8722 3718
1443 807
9852 9422
9479 2151
6086 6361
4617 6063
7241 1871
4144 6192
4563 4639
228 596
3617 1082
5569 9172
7310 8226
1554 5953
1888 3221
7492 772
8921 8822
6265 719
9798 2964
4123 487
151 9120
735 3846
3787 248
7090 793
10000 7915
8492 3417
2229 7196
8480 5365
6222 4298
3833 5609
6995 4818
2555 4695
577 5960
1724 3219
54 7640
8180 8617
3166 1106
8513 7199
1778 7167
2356 5529
3705 8887
6769 5091
5291 6923
449 5100
279 9712
5107 9631
2739 3702
230 9399
1635 4573
7588 2639
6628 7545
2469 1960
8112 229
9086 8582
1450 972
3246 7064
4720 5959
1957 8218
1784 4839
9170 6831
2432 818
5574 8257
321 3184
3665 9524
2713 7778
7494 2084
2149 6551
3487 2334
9571 3886
7793 5569
7135 4210
8913 2845
5882 1733
9258 8614
2707 3459
1562 5364
8502 9801
5440 418
1429 4165
5493 6038
7378 3490
6661 5015
8203 5873
9350 4299
5272 1159
7661 6600
6774 3618
4282 338
5771 8739
9768 2718
869 2696
8181 5368
8565 782
3778 5466
8640 2874
3903 5090
8050 8684
103 8996
7276 4914
3209 4258
1062 8560
7767 1651
1268 4621
9463 8236
7151 2982
5062 1940
2592 100
6968 2180
8956 4656
4078 7628
1034 6968
6361 5127
1117 1927
7667 8378
3764 743
62 2580
1282 8498
8440 7866
6934 414
8188 930
4387 565
6918 1713
4632 902
3717 5441
3822 6003
87 1623
6148 7060
3692 713
2229 3990
4995 100
6732 645
2822 8761
4856 4848
4246 4062
9232 1219
8305 9015
7247 5552
4186 1522
1175 2802
6366 5396
2908 7569
5770 9802
3764 3024
1642 1285
7525 9100
8514 4373
5548 5142
4526 1285
2265 3763
2188 4089
4191 4996
6451 3710
3958 473
3920 6699
9488 8476
8317 4259
3060 2532
9557 8033
7660 6815
7420 5436
1787 1965
3971 9660
3791 1956
914 5194
224 4648
2426 5696
6312 8068
2255 7745
7610 6762
4569 7049
4630 4648
2633 9241
4590 611
7483 1631
9250 2912
5317 6314
7777 1120
6130 4237
6705 6485
4702 6291
8114 4135
3013 1169
5557 7879
6894 3329
243 5360
2952 1442
8371 5196
6002 4098
5661 6172
5530 6948
8920 6608
9779 5432
8736 9999
9343 9866
4135 3839
4169 1921
6921 5560
4894 6041
6464 2442
7677 530
9358 4702
1528 4951
7711 7215
9912 6828
8516 5214
6327 7456
9217 4556
9844 5493
1396 6877
414 5857
1051 4776
9984 9924
8573 5982
7807 6291
8257 8163
7288 6811
4539 6990
636 6830
3188 3972
1508 6346
8831 6423
9316 2240
1423 2664
1062 4704
8191 6118
6313 3771
1845 8411
271 9760
328 5119
4025 800
3562 968
9837 6718
9387 8600
213 2952
8670 6009
1247 2057
5341 6198
3951 3654
8132 6753
2241 4579
862 136
3110 392
2052 4681
3304 3044
6687 116
4696 7062
8058 4301
20 7001
6760 7446
2238 39
2028 250
88 821
6211 1701
9816 36
6472 8670
6809 3614
3550 2115
4556 2449
7098 2737
340 683
2057 3599
9309 1975
1577 8821
3303 838
4447 9975
3303 8718
3431 6798
6639 9889
6807 63
5581 1257
3847 4111
2056 8981
9673 3218
7063 9680
9345 4050
7318 6270
141 7704
6857 3104
3640 389
3136 8534
5072 549
7819 6843
9937 410
4943 675
4634 4743
1629 1791
3705 931
338 785
8730 7185
7540 3650
9410 8822
9176 5726
4903 7992
1050 357
910 5333
6590 2599
7261 6577
1405 8297
736 7100
8839 7728
2706 3192
9557 2889
5046 4474
6748 6288
5100 1089
452 7021
1924 6202
6629 3386
8952 4068
6765 223
7828 5055
2230 7521
7583 8287
4761 4838
3005 1523
8734 2935
8169 4872
6137 4169
819 9135
8569 3344
1759 5226
2899 7026
7811 6319
8897 6240
9674 795
1664 7542
5768 3114
1904 9017
3922 2465
9276 9254
5794 2276
755 1640
3986 1835
6844 4548
8673 7156
5447 5624
4723 9942
3778 166
4817 2122
8136 5029
5343 3238
6739 3753
4712 3350
3288 2342
8167 9271
1153 8789
7411 8655
3842 193
4883 8571
6121 1763
7607 3620
3572 7580
4648 6788
320 4226
868 2294
7703 9920
9019 8406
9525 6120
373 1704
8002 3890
7588 9006
493 4498
3584 6618
8083 439
8378 1050
9570 4018
3 538
8116 2490
7228 8247
4452 4703
9947 4100
7875 4114
805 7665
1166 927
510 2775
7008 4321
9217 3698
5678 9582
7003 1743
9171 3041
9006 3851
9017 7556
8549 206
2432 8679
6361 3233
5130 3321
7531 2826
8577 4722
1009 1577
3800 8050
7479 3594
3549 3993
4728 2334
4393 8907
6789 2761
6781 3086
7201 6323
3574 9714
5833 4505
2592 2086
5022 4235
2590 8616
3901 8142
7948 5856
4895 9225
6901 2721
6633 6681
6574 8191
3006 14
6139 3796
986 7040
6587 3810
5266 3364
2404 9259
8212 6640
4362 487
7285 4226
8794 1433
8013 6882
3650 5729
5123 6503
4256 3061
6009 1791
6140 6284
2666 4799
7557 4211
8339 273
4335 2856
7823 8278
1698 6342
7814 9357
8898 641
1480 6910
4521 1946
6177 7949
1301 8529
9495 2428
5571 4919
5021 2278
1080 5818
3599 8573
4223 7933
8344 3759
8711 7326
2268 3301
7782 8919
4392 3803
4006 2391
2067 173
858 2351
8009 1762
3561 161
9008 7600
4110 4305
2887 137
9562 2528
5508 8698
4191 6242
7316 310
1212 8178
310 9346
6765 4493
9496 9778
8264 1660
7113 9735
1582 3891
1779 4026
6078 3979
5830 7896
2156 6048
1848 2261
9130 587
330 7534
6189 2776
2328 3644
6575 360
6036 7284
4629 3181
1941 5649
7521 7028
5714 190
7647 4341
2637 1668
1147 5891
5630 3672
496 213
5230 7629
2798 7302
6945 8213
3461 1209
2763 2689
4608 4681
6439 3050
786 5837
8849 4271
4444 7979
5929 3883
8135 1558
6555 4828
4243 7637
6770 2068
8369 3679
1093 5783
3614 4705
181 8810
1380 4959
2072 6371
885 8724
1554 9093
2968 2469
3834 3221
8111 2876
4669 7427
4728 7576
6447 8568
8000 5465
6244 4547
260 459
5604 5533
6558 6802
6851 8347
2081 2724
8996 1891
7096 5383
6272 8691
4862 2277
3649 5070
2314 5799
7623 7570
5101 1388
7290 168
9621 6552
7026 482
5025 6887
1050 9741
1199 2933
2643 898
7769 2727
4900 2532
8604 600
728 2201
6056 6586
2270 1769
5704 4846
9393 3092
3165 1529
5077 4196
3417 5553
5016 2919
8953 8621
8978 3154
193 8773
465 7720
8628 5192
4548 4842
9292 4068
9038 3086
2188 768
3557 7331
6773 4569
4883 1345
1965 8501
6343 2089
8196 1415
5289 8492
9882 578
4557 4127
1510 6154
3570 2553
9670 3616
8716 9669
6468 1965
6802 3202
841 7271
6505 1026
3922 4651
4769 2025
9763 324
6636 3184
4774 6240
7074 4550
7434 2126
2867 9699
5372 9457
8112 4964
6800 3110
5553 7656
4640 1214
7288 1962
2500 9792
2553 9264
9653 378
694 1401
1080 3491
8561 6574
229 4894
3810 8307
2375 3414
2226 1373
4770 8309
4575 6605
3353 6077
8823 9854
8045 7076
3697 3781
6972 8732
4324 8934
3147 5109
3011 707
3175 9011
8618 5425
297 2286
1674 6065
701 6264
9545 9789
1279 2800
3133 1960
1942 474
385 3564
2329 9658
2591 4504
2128 9682
80 63
3070 8086
2145 7654
5989 4801
4736 9853
2032 5761
6578 3357
9199 6110
3679 5417
9992 6380
6313 9517
6781 8176
7129 30
5825 6021
1808 7111
8104 909
6565 8862
2797 1596
3736 6776
9365 9722
4158 6444
726 8273
6572 4109
8129 5251
6310 3325
7033 7016
2290 6758
2586 7064
7676 1933
1743 9263
5405 7207
3458 8438
9789 5846
437 6969
6811 3502
1697 4735
2075 5239
9104 7602
3568 6435
4857 9758
2422 3997
176 2364
5781 8656
5788 1513
7561 7306
7596 5585
6018 5361
1338 7838
3596 3395
161 644
4521 170
6071 9760
2780 2048
3130 5877
8536 4842
4967 5323
8324 6842
7437 5223
6533 1548
8539 5478
762 1105
3461 4268
565 2501
2779 5030
2730 2054
1435 35
3239 5321
1470 4744
9200 50
9624 9499
2492 1421
7015 9779
5759 2275
4914 2309
8565 5717
8932 710
3079 3646
1356 270
4493 204
2343 6474
1021 3515
2146 3577
7163 1210
4663 4248
6634 3701
899 7059
7890 8091
3414 9044
2440 2670
6221 150
5716 8896
5611 1964
1419 2017
2286 481
6776 1629
1639 9251
8121 6941
9288 4428
6505 5286
587 2799
3906 6096
19 900
2607 173
5612 1359
8123 1055
8339 1151
9519 5067
1770 193
7738 5023
1867 6871
3431 5485
1605 7967
8595 7919
2634 873
6954 5598
6065 3365
5364 401
2787 9468
2778 9889
8888 2621
5372 1766
5749 6157
7495 8999
7501 8485
814 1671
5117 2152
9308 1793
7529 6979
7848 7468
2688 6962
4905 8459
4063 8876
2599 8228
4478 7549
9329 6989
4335 1032
3505 642
3378 835
8503 3042
8566 4607
3985 2014
4056 4729
9502 9489
2997 9197
6866 2719
5634 9938
2800 826
8108 5707
2848 6528
8080 8236
4780 6763
3792 7239
2758 1937
4214 6292
3795 9541
9984 2696
6304 8524
2990 9593
8160 5884
8595 9489
4011 9983
671 7287
3954 1411
7525 2057
5808 5886
4424 2850
5584 7946
2403 2172
5047 1807
9047 5828
692 9039
2829 7241
3605 5860
5006 7810
5624 6546
8114 123
7557 6580
6034 3972
493 6734
8623 3468
7559 4228
5078 7091
1401 5436
5299 370
9009 4808
2365 3789
9769 8841
8688 8778
3214 9967
2302 4413
9057 3715
7717 7941
7995 5278
1959 2382
9279 326
6115 3689
4809 296
7417 9950
3465 2215
1870 5564
2904 2817
1051 9074
9428 6273
8509 2490
4873 5551
8537 865
3824 301
1339 9274
1350 2672
9794 1752
1133 6397
3877 3803
1297 5782
5214 4753
9167 5060
395 4826
3153 1074
4375 5910
3221 8004
1838 8045
711 8661
8501 2496
1973 7654
2958 1096
1204 4590
2205 411
4655 5424
6180 6661
6768 7078
4315 7240
6665 8410
7913 9827
4985 6785
1394 9057
7479 9607
4759 5163
7173 4417
4633 3845
317 6032
208 7139
1589 7224
4954 638
5786 5804
7164 9769
4169 2131
1430 1151
1105 9355
8598 9426
5757 3503
5294 9543
3504 1896
3822 7213
1133 2082
2983 5103
1643 7255
9472 6680
9338 3631
1772 5868
346 5105
5853 1384
8578 1084
458 1441
3072 1478
7045 3357
2798 8115
5012 8873
1608 2481
5781 1854
2689 8673
56 837
6756 4749
6754 5567
4261 8399
8431 3978
6391 4316
9507 7312
8540 3068
8831 4176
5042 9498
920 757
6841 5473
795 5826
9227 1435
4985 9066
4693 6899
3173 7291
495 5159
1686 7065
7243 5349
8720 1666
8824 6993
3098 4224
7024 8538
6718 9914
2739 8852
8980 7966
3600 2033
341 7452
6089 6450
8443 5371
2464 4372
8108 4079
8425 3793
878 5059
3135 8057
8247 2934
6625 4564
5776 5291
7779 4229
3612 458
4557 747
4260 9535
2511 8446
3702 4038
1513 7003
4018 6809
5551 242
7696 7539
8782 5762
3336 9558
7313 3769
2083 8120
3888 8769
6136 3779
9270 5306
3702 4305
2327 1998
83 1452
1242 3670
8270 4584
3980 8944
6799 9808
5495 9688
3996 5903
7861 1883
9732 1807
9281 9412
6703 8799
8958 5204
3803 8583
4616 7270
7836 5174
98 3568
6095 500
9370 2668
9096 5724
655 4767
8619 3856
1700 2739
5804 2828
9660 9601
8973 6104
725 7852
718 1266
1083 7587
7834 9918
4617 3587
2905 8924
2576 218
3098 102
555 7777
8301 8832
4342 3914
3487 4111
7479 6721
8340 3578
4885 2869
2527 1550
5983 1622
6025 2156
8609 5833
430 4906
3500 6934
3357 3248
4835 5181
5643 7170
5174 3386
8554 9571
4089 213
2819 4977
7477 1944
3168 9653
151 3888
291 2650
8929 9600
4650 4676
5975 1320
7014 5606
6306 9160
2088 1321
8026 9303
598 4003
9349 6203
6171 4176
8880 201
7859 2220
1462 1621
5115 7509
9784 1112
2678 443
5252 950
6001 3748
6764 8767
7648 9890
5119 6186
3848 6712
1802 6682
4694 4590
5667 3152
8795 8584
1552 9045
1135 872
4540 6989
5303 2198
7481 7258
3635 1615
1086 5368
1691 350
7000 3556
3858 8348
4137 4441
4731 5318
476 2306
9605 8057
7488 3999
6506 7116
5229 5813
9291 1814
4571 2019
3614 7966
5909 6106
8768 8500
8644 4673
8210 6132
6494 4914
5460 2021
6026 8852
2999 1124
3546 121
6875 3341
5455 2717
7555 8550
9379 7896
8040 8833
9967 9384
5814 2968
5377 8333
6484 7277
3705 4053
2431 2419
6496 3572
931 9335
4460 7257
6855 9439
7295 39
6849 5588
1163 6225
6880 8043
275 4928
1678 8628
9919 3669
9554 777
7260 6184
9716 6862
6516 1032
6323 7824
4544 7397
4168 1778
4108 1
8142 3493
6740 8885
7738 5360
8225 2440
5558 8432
9010 7962
9868 5029
6470 1375
1382 3987
3535 7623
4152 6556
9096 5380
2695 1286
498 6569
8542 1266
777 2418
444 4039
6767 9066
8939 1572
1755 5920
7682 7227
5380 4075
2556 3803
9236 1140
585 8705
4772 358
4984 9236
6596 6232
758 4776
6071 789
2864 4501
8705 3784
4277 6826
5515 9000
8224 7874
3798 59
4090 2489
776 7634
7105 5200
9761 1053
1638 1241
104 9316
5884 514
2509 7979
4742 2340
1423 7834
2856 2983
5509 2222
2226 5010
9328 5101
8541 750
1439 5986
1618 6808
60 7817
238 8495
9919 765
4942 2621
1624 2459
8735 1538
1744 9318
6200 4760
252 7587
4586 3296
5137 2690
9638 1515
5916 7133
9776 881
7539 5495
7918 1650
2785 4694
6072 4598
2415 9739
9632 7505
8124 7752
3830 1757
4211 8947
4770 9012
2866 8737
8356 7011
1919 2831
7990 6451
1590 2229
5783 3508
5281 4195
8144 4326
1378 9696
5956 1462
9103 3300
6183 7834
3540 4692
888 5954
7969 812
377 3770
4666 1846
4195 1495
6316 178
8759 8225
533 3200
2006 3498
3041 5183
9849 6361
5942 5993
4866 3641
3742 32
3368 4437
6012 3762
6230 1538
8119 5630
4963 6660
2886 3864
1824 6398
9846 3887
6851 5514
3191 2360
6774 1935
8716 888
2247 4338
2186 4970
3169 5198
9187 9579
3731 1591
2507 1765
1770 8973
8697 1594
4934 6404
667 4841
7174 872
5052 7118
6689 8060
5420 5915
8308 2106
106 530
6586 7086
4996 2805
2189 4223
3850 172
4752 2585
1884 9459
8973 3704
2606 18
1804 5881
7712 6013
6992 6394
774 8910
5001 7827
9228 2252
8349 4745
547 6448
6260 3601
1621 3131
2939 6765
5101 4388
9577 6341
7987 599
6048 1449
3457 862
9904 8794
1846 6201
4060 4409
2793 7355
4778 6598
5599 9008
3326 5244
9630 1741
7067 4992
7782 7325
7274 7030
2544 7910
6275 8743
6532 2483
1128 2409
6140 3013
2684 1804
142 8333
343 4987
9093 3037
1098 4966
1972 5273
8054 4917
9818 4457
2246 2592
9242 9861
5856 1527
4956 6696
9927 8610
5300 7891
6208 3226
2536 1717
1808 9664
9585 2342
189 7480
1730 4180
7863 2960
8699 4350
4129 8489
8153 2748
7698 904
1106 2141
7775 9044
5477 9966
3239 9146
1719 6181
7795 9199
3661 8419
4780 6130
1352 9953
164 4087
5533 6954
4663 3507
3186 5518
4590 892
7847 7344
3049 8167
2501 3870
9312 4555
748 6825
9290 8379
3404 4398
3565 3040
7791 3038
461 1792
8453 6105
4845 518
9034 9451
7102 484
8435 7071
797 6489
9184 3349
7770 9231
3146 747
1032 1287
1096 1983
7919 561
6216 341
8109 1039
1594 116
3902 5339
2567 3465
9625 4010
641 3064
9292 9214
5402 3251
3288 7718
4904 9192
4845 3444
9337 9827
6945 1992
7610 7394
5113 7978
420 9949
4765 826
7774 1429
9199 9219
7593 6309
9948 7163
2734 2971
9314 668
1627 5086
7443 3068
2879 4886
4705 9813
6276 4680
8840 6417
4066 6328
5448 8829
1158 6714
3290 8880
2928 7683
9271 3144
7343 7306
6647 4756
4356 8818
4435 1999
9283 6893
2486 8439
7895 7986
2286 8755
4366 1327
180 2114
5099 8587
7330 7464
1596 1497
6150 1529
2753 5986
239 6066
1510 1126
7446 3900
8131 4243
5618 5476
2555 9685
9694 2372
3511 962
8730 7764
5709 5496
8308 4921
3932 3048
2834 5391
2488 7244
4820 6714
3087 1272
5329 2100
3345 8116
2724 1773
1198 4266
4158 806
237 7680
2330 6322
5317 2738
1559 7696
8175 998
1809 7448
5694 8846
9262 9787
1641 6813
8107 4112
618 2508
6624 8658
1076 6317
1750 4929
2223 2057
4774 6429
5237 4484
3563 802
2965 3020
6340 1906
444 1914
7764 3471
2537 8034
1588 8948
4716 8430
8393 3803
5151 9550
4605 7104
7521 8983
9598 5562
3275 7847
5864 1745
1167 25
2582 4573
3695 827
1448 1798
8437 3318
7460 324
1393 8654
9334 1843
7360 9430
3984 2705
2493 7147
5604 3888
2534 7907
8377 9548
9235 1504
9869 2760
8796 9207
5640 3646
3745 6508
5999 6766
4509 2114
9874 3814
5242 253
1111 1336
9290 5271
6981 8603
4110 148
9419 7687
1753 7531
3958 3556
7594 1227
4400 932
4324 9457
5941 922
1456 7533
3747 4971
9679 2823
5021 5639
9515 6767
8256 3227
4643 6470
9600 8327
5135 3547
2920 4220
9265 6362
719 67
3943 3665
1500 2137
6949 2437
6122 1172
9985 3774
3113 603
3044 7494
9433 6462
1256 8013
8935 2925
3887 415
2363 3304
896 1434
5798 349
7516 9622
5923 1170
1376 1955
6425 6425
4796 6243
7450 3253
4782 3925
10000 8294
4993 505
1840 14
9564 6270
8204 6491
7305 7949
1768 7340
3688 9373
2678 4389
153 5712
822 2848
8819 8868
1498 2420
7053 4043
1933 7799
3541 5711
4516 2077
365 9054
5446 3945
1237 4621
4771 1495
5941 255
1712 4284
5412 8426
5146 6209
4671 5167
3464 1570
5525 1741
9810 4706
2086 4344
9836 5301
9960 8225
8103 2193
3382 2555
6585 8418
3998 2533
9978 8209
8695 5132
2649 5835
5132 986
1946 8064
1806 9855
1273 5607
6759 3768
664 453
7952 6760
6309 2977
1750 5105
663 9331
995 7884
3591 6347
6162 6685
4654 8602
8848 6630
6519 1280
7315 9274
3624 4800
8697 6976
1070 3607
7202 6508
5604 8698
5847 3726
7259 8402
2687 7539
8400 4384
8309 3974
3958 6416
4874 1762
3220 2817
5642 5909
3653 5476
6811 3731
5946 4092
8911 1204
5523 3776
578 4455
1781 1866
6903 7804
4301 3764
1776 4446
8752 5545
7687 1450
7072 5777
7197 5538
9931 7460
4226 4883
3297 9726
5925 3564
6928 8891
1941 6978
5238 3670
4214 2331
709 8760
2174 9134
6644 9260
3982 4000
5459 2896
6224 5594
768 8400
2853 5662
638 7273
2397 6075
5435 6292
3803 261
2507 3851
3148 8503
7474 5084
4642 8230
4380 4563
9693 9749
4771 5095
4774 2616
36 9788
223 7873
7275 6424
4884 577
9202 2050
9213 793
6478 562
8254 463
2304 4554
4022 4463
4083 2808
7261 5274
5337 7608
5204 6730
8516 1049
5966 7350
2887 5800
3107 8661
641 1702
2068 5980
8010 5086
5123 1198
8087 8796
2557 8515
465 2405
5253 3722
1047 4168
5092 4493
4713 1452
203 9800
4513 3771
3358 3094
4731 7362
7303 3779
9413 8161
4380 8333
4747 7649
5446 9296
6149 1370
8142 8913
4241 9424
1969 7163
504 2532
4879 6109
1464 9478
8492 9000
9549 7663
600 66
4735 7207
415 6850
4263 7317
9983 4373
2341 3638
4677 7668
7424 4168
8537 6198
1515 8740
3944 3865
8586 8414
2578 5593
407 3679
3763 4699
7191 9630
331 8071
3556 4389
2687 4158
3176 1175
3049 1730
6353 7400
3684 292
9499 2764
1048 4390
380 7894
4049 4501
4633 9201
4010 6241
8547 3150
355 1970
36 4651
6218 7049
9397 9262
8412 7948
3100 370
1463 213
5361 4353
4043 2565
9426 61
6336 5441
2555 2052
8175 6559
4539 1010
5184 4428
9206 110
1711 2524
8030 9846
93 7020
6860 7173
6416 4642
2551 8989
7144 29
7639 1541
5625 3361
8868 7324
5991 1113
1818 1184
4770 7701
38 2722
8476 1054
8857 4205
9799 3550
724 6629
4489 1737
4819 5153
9087 1310
3835 4416
4231 3095
4884 849
4876 738
7643 9618
7724 1252
1692 2230
9031 184
9956 8629
9331 6685
701 2947
3460 6267
2439 4204
6277 6089
96 6602
8725 9197
5037 3918
8583 8651
6624 6837
3151 3739
7533 7504
1972 8366
7877 1501
1561 1797
6226 2526
5986 5878
4621 8106
1647 606
267 6206
2879 5367
5018 1146
9911 6134
4033 6901
5650 7049
1760 4815
2354 5031
4009 3504
2395 776
8223 2707
2672 1045
8185 9812
608 5857
5113 620
6740 3842
9373 8590
6920 6021
7494 7018
5273 3107
6947 2386
8026 1571
5582 8773
3059 111
2488 2199
8170 3805
6053 3079
2292 7243
2866 4060
8490 3806
9768 9093
4928 7973
7367 922
1963 2986
3680 3712
5914 257
7555 1587
5718 9528
956 591
5676 8776
8994 7078
4921 4493
6966 6938
8839 6241
2851 4767
6559 7779
6591 402
1743 2148
6360 7105
1045 3958
2209 600
6960 4344
9721 1083
6967 9813
34 3865
2529 4629
9431 3488
44 4136
4021 8383
640 7563
3842 8595
3528 7205
5348 374
2932 2939
1890 3783
6326 5841
9715 6784
4082 8080
6919 4618
8277 6072
1951 8673
7627 8658
4535 2192
3736 5342
30 8914
4428 5282
1536 5233
8214 2367
2161 8829
4012 4831
5968 265
8407 8819
862 1435
5732 2254
8323 3170
1033 8878
6349 5878
3651 8902
1920 9629
5881 6436
7203 2442
9930 5490
4225 1793
3659 914
1894 9405
5106 7085
526 2498
454 8477
7392 5833
1088 5282
1487 8922
7487 8117
8603 953
162 1817
6357 7757
3 8844
7060 9696
7927 4674
3373 7817
8594 6846
2092 2075
7188 5324
2672 9534
8713 4122
5620 9696
2917 6302
7590 6393
8122 9904
1269 7690
5571 567
6947 9394
9501 9052
3183 9100
602 927
6531 5821
4661 6903
6639 4912
1199 3750
2131 6975
9378 4016
2150 1980
7752 3475
3330 134
3445 4542
548 6067
3148 9346
7373 9468
3469 4455
2295 9597
5901 6902
1195 549
7027 3456
7514 3299
4894 8413
4958 2459
4242 7149
7717 2165
2946 927
3872 4242
4547 7045
6104 2136
3731 3838
4931 8316
3827 4483
5442 4525
6365 2796
7833 512
222 575
7923 1753
7087 2816
3252 910
6610 9904
7437 9999
3154 9951
4377 5197
3762 4009
1002 8008
5741 7154
2342 1957
7219 7137
2275 6076
5041 7631
508 3147
7455 4961
3894 2793
7572 5589
7726 6063
3686 625
5804 7614
4457 3470
7441 2571
60 6053
8135 3829
1855 4423
4660 4040
7058 1029
3053 4801
6918 3543
7600 4944
8010 228
1785 5084
5177 2812
5334 3582
3370 316
6993 3208
5134 1053
9332 4276
5953 6841
9192 4608
8143 3492
4050 1486
5705 8928
4752 9348
6694 2247
2618 5555
7877 3178
8965 1610
2657 6752
9138 9126
365 8143
7804 3635
8375 1621
6527 2003
5613 1665
6697 4445
6203 4013
8117 3385
4304 9413
8639 1589
9814 8409
4296 6732
1118 3918
228 9687
5054 7952
3665 1831
964 7517
884 7534
9499 1524
9889 9345
2316 1981
6863 5580
5163 1269
3131 6193
7749 8436
6603 890
6135 901
6040 3718
7866 4866
9823 1862
5336 2282
5062 9383
308 7073
7757 1962
1830 2867
1755 6234
5217 6572
746 9854
3144 8892
9282 5911
3221 7323
1576 1093
7240 1010
5299 9084
339 9647
4952 1713
1397 9851
9469 9270
1172 8140
3054 9404
1014 3514
2798 9904
8763 9491
2639 595
8803 8176
52 1727
4564 3853
7996 5039
4209 3479
4464 8615
6759 1352
5458 6639
2445 6719
4324 7718
6141 5644
2236 9818
44 2794
5481 3766
656 9536
9411 305
2592 8927
5438 8866
1372 352
2500 7053
6351 1448
3982 6105
3621 9409
425 7817
7024 3770
3859 5165
2869 3508
2545 6846
8533 5890
510 4949
7759 4625
4278 306
5912 5875
7072 6045
8764 6686
8045 8693
8402 9131
9446 3545
4859 3115
2964 9969
6087 3186
6669 2180
501 4822
3616 4744
5120 2751
2152 7432
9693 5358
3915 8734
7216 4555
2175 4700
9651 8034
2178 3641
1570 6570
6987 1747
8332 1059
2950 5809
6699 7676
4728 3341
1118 6823
304 9528
5392 7706
4333 4697
3547 6266
2280 8001
1500 7648
6035 4932
149 1137
3311 7024
133 5593
5282 267
3903 6150
6226 7588
6288 1767
4524 5647
2611 9101
6354 7480
6741 2343
1957 3246
3987 3725
8106 1792
619 6698
7527 4125
3618 9323
966 156
105 7490
591 9340
6428 4264
6984 9490
5486 6414
7654 355
67 7785
4617 9166
9905 9289
2811 3566
7004 5140
9103 4380
353 7955
5100 1169
8396 1825
4388 1588
1656 3705
8963 5523
9680 1894
8703 7264
9604 1343
7549 9370
3715 4
7379 8016
5638 9911
7144 52
998 6078
7685 4501
5999 4688
9407 6416
1744 5665
4685 9041
8688 8100
9699 2513
7641 5779
6688 1453
9613 5632
1427 4982
970 183
569 8348
5623 7859
2665 552
2068 8477
5393 3021
7224 4674
3347 6693
2891 6241
5663 8708
6752 3509
217 3892
3035 9905
9070 3488
6433 4861
90 9236
5638 3421
7348 7240
4728 7339
9184 6434
2066 2857
1111 478
3711 4495
9485 1167
9906 915
1590 2119
6973 7965
9539 4349
5398 809
3566 6225
2767 6906
9897 773
6618 8987
1151 5667
3775 5102
3979 2189
6717 3659
5220 2705
2466 7196
3498 4896
2667 8002
6321 3390
4818 6774
2875 9117
2445 3745
7299 2992
6998 2999
8163 7833
6256 3578
6806 1731
320 7455
708 3768
7634 5926
3334 2783
4058 855
7460 3178
7384 826
3686 3026
6260 8408
697 4356
2511 8713
9670 1170
753 4036
6059 3773
1182 3925
4123 7699
310 5514
4781 2813
732 8116
6024 1519
8364 8624
629 6670
2799 8554
5007 1466
405 8596
6407 7166
3516 7013
7921 6546
4762 7132
6645 5848
2211 6258
1687 7404
1886 7056
6575 6387
1202 432
1112 534
2173 4364
4133 3673
3639 730
162 3367
8612 6923
969 6301
6701 9629
4027 4956
7908 1348
3509 8762
601 439
9811 3602
1385 794
481 1005
8259 562
9242 9357
4517 3341
1407 747
8667 8396
6427 6340
1158 1815
4214 2507
8838 6484
6868 6951
1662 7117
3827 9486
7103 8050
9088 3507
3540 7996
5048 6185
3749 4858
6238 3359
2083 660
7673 952
5651 7039
4820 6993
5473 5119
9748 361
8256 9301
7632 9283
6960 5482
9889 6336
2034 2838
8399 9108
1328 6200
7512 7811
9695 2113
5052 32
708 4051
4257 4367
7063 7951
7852 1292
9722 4617
4586 3635
2601 8849
8520 1984
3580 6473
6720 9357
2729 9242
610 4465
551 7086
787 7401
8187 4141
6824 1234
3550 568
6361 657
8088 6721
8695 5739
3264 9950
7406 1598
7001 5399
8091 6969
435 8066
9214 5085
9785 684
6897 8659
3303 9877
8360 900
6511 8642
3993 5222
8300 8533
496 7163
8992 6117
2621 2856
8604 3101
1865 3236
3765 6722
2824 7583
3231 5927
4764 8597
8872 806
1018 3743
6960 4205
4060 2010
1546 796
8489 685
4240 4459
3440 6278
3287 5190
7755 5833
1043 4173
5982 1143
1839 6497
5909 4978
34 4493
2577 8237
5982 1971
6682 3588
9122 7268
8332 3337
2671 7769
4138 4166
6057 9682
8487 3410
1550 270
2432 5650
3343 8651
7660 2985
3237 8403
5050 1832
3117 1628
1621 9474
7 906
5254 3741
1094 2207
2065 1925
1699 7714
9247 8124
7959 4990
1995 8961
9272 3436
5089 7444
7848 2875
950 6333
2930 3287
8185 8845
3714 9912
7555 87
8473 6127
196 4903
6540 880
1748 844
6725 8195
1892 8683
4612 6449
3756 2956
197 5866
2324 958
7371 4998
4096 9632
2757 3883
6050 1871
7726 6897
1673 7547
7109 5861
3283 3019
7140 6027
1060 6020
2967 9208
1716 6143
1800 108
9672 3433
6608 6183
5274 7012
5893 4779
1133 2696
3132 8831
933 3050
3479 412
6023 8653
10 1834
7874 6842
8389 3411
3685 5500
6098 2654
4966 4795
1466 8379
1856 8100
7330 3665
7530 4326
5822 8124
1768 7265
2936 5946
4725 9828
1745 290
9803 588
8620 8699
5883 4573
3143 4999
1467 5768
7945 6864
8097 1978
879 2160
1180 2964
1823 6062
1948 1677
7806 9808
1646 71
2290 1323
5005 4149
3650 3119
5311 2255
4979 1251
5156 2202
3507 4832
5341 6726
9442 7419
8969 7726
7556 7497
6067 7960
9398 9101
8909 2846
1917 9967
9199 8334
3494 8307
6859 8483
3778 8972
7731 8918
519 1114
8019 7406
5219 1558
2453 2781
9888 3050
2014 2357
4369 3514
7616 8517
8507 3910
4697 531
3714 8708
9960 3732
6079 8821
5474 6140
9016 5390
2706 9037
3274 1262
1389 2588
547 2178
2214 1028
5081 6196
3272 6230
2171 9546
4455 1857
8296 4515
4185 8429
6068 7028
2454 6351
764 1289
3903 1168
122 3954
3598 667
4562 3419
4621 166
407 5923
3494 8575
2036 9849
2969 978
3483 7475
5874 948
720 1222
1639 1502
3681 2770
9079 8180
2508 5057
6342 8874
8743 6589
1500 4277
2422 189
1243 948
2729 3353
7978 1664
2114 8222
4111 8892
821 2223
2390 6031
6383 2426
3260 2765
1318 9171
4788 7151
3096 7381
389 6068
1186 5560
5968 1580
7191 8565
9503 1381
3339 3622
9769 7920
9612 7222
1353 378
7922 3839
9743 4881
958 8531
6830 8404
4228 1263
8253 4038
1692 1594
2531 5524
5405 9339
2654 2357
4262 280
4031 5935
386 8077
7838 9344
6374 2515
8006 5951
2213 7722
5763 8552
9139 937
9324 9488
9341 9285
6003 1607
3272 4260
9968 5826
1664 5717
5015 5531
6301 8131
7114 9007
8168 7919
6905 8719
1116 8695
6588 3982
2904 9044
3038 9115
8372 9297
8764 1159
2490 4040
5658 2929
3542 7688
5941 5861
8645 6740
4343 5321
6765 2431
2758 2595
5656 2297
5683 8881
7004 8135
9351 1313
7382 3568
3855 775
2893 3243
1754 6115
5108 2114
178 1591
6710 4035
5190 5296
9524 5186
7212 1116
3108 9716
1402 1845
8030 6308
8679 5207
5504 8234
6692 4850
3867 8452
2719 9155
8676 4405
7856 8560
7508 4949
4871 3929
7917 6673
5769 8793
4697 6871
5621 159
6580 2981
9975 7286
9214 6586
8266 1730
3406 1183
4513 9928
1344 4481
9712 3698
618 5108
2182 7208
325 5791
1179 7534
6940 1099
315 7011
6117 9758
5365 4541
5553 443
7739 599
9612 2836
5356 7708
2728 9960
7437 7055
3251 3415
3262 8067
3386 1172
3104 1692
2338 1750
3153 6317
7489 5997
2829 2078
2487 7398
9459 2848
6726 8635
1403 9783
9707 2318
794 6933
862 3634
8921 4275
6401 6577
296 1318
9492 5653
5795 5169
2480 8795
4338 9374
289 7854
1332 9786
2438 5469
6616 7072
4807 9472
5138 8481
8470 5901
5867 3935
4248 610
3224 246
2271 2631
4066 461
9916 7837
4852 9078
7135 4854
8250 3063
2178 2200
3762 6575
8637 6773
1376 9514
9882 6209
7849 8068
6061 4259
9129 3236
2791 2929
7271 7710
8177 9107
3453 1545
5410 8214
5209 8545
1759 4263
9448 4632
4334 8808
2589 2437
4935 68
1413 1175
4586 9619
6825 4159
7111 6724
2574 2006
7065 2828
2120 8651
649 3937
9095 8460
4380 2017
7611 5599
3990 3489
2345 6687
3602 8412
8731 4763
5579 9787
4735 2051
5086 5452
482 8592
6013 8808
4116 2092
902 660
74 3672
9101 5267
1063 3124
2826 693
5737 7231
6795 5934
2966 4775
406 8712
5230 8537
4795 3431
2573 862
495 1964
2591 9827
1954 2204
1581 1544
7308 2535
7807 3069
9712 327
7004 365
3276 7019
9744 2120
9024 3605
3772 9054
523 9753
713 4393
1467 8804
7411 7222
8388 4263
4576 4526
3404 2517
3867 4095
3839 9399
6331 7183
8610 2950
3049 5613
8989 3750
4710 5217
2817 6746
6510 3879
7754 8192
3425 1747
3716 1315
30 6812
8165 402
9319 4416
9141 1682
9742 1662
4448 4659
2703 1536
2598 5720
8654 4764
1430 9279
8477 5285
521 5014
7701 4847
9657 3843
5948 5928
2775 4281
6397 1039
746 7966
433 7170
6232 5631
376 4818
2194 9994
6250 3846
3082 1303
6810 9552
222 2420
618 3732
6467 3682
3595 8383
2709 4779
4852 4364
4801 2998
6826 524
5643 9044
7982 9951
9164 8307
3667 64
1144 5093
1428 2826
572 2191
8828 3951
5075 4900
1753 7851
8379 4
1122 3051
8905 3846
3248 147
8835 7090
7389 3626
2941 6852
4871 1598
8024 6259
4591 429
5243 1090
9061 8645
2595 5081
8003 566
9107 6529
430 7678
4051 3929
9567 2297
25 8805
5880 2015
4687 4299
3866 9084
1720 8166
2369 8090
5213 919
4841 5144
9126 8806
8579 9433
4219 6087
5908 8778
3044 6515
9689 9130
6415 9732
936 778
7298 4720
8840 4920
5286 1561
2950 9239
8518 3457
5473 6264
2441 1623
3540 9865
488 4155
2494 7302
8311 4051
1369 4285
98 1893
4950 3416
2868 8355
2554 5357
5639 2736
5047 1048
9920 1253
5714 1662
6498 2294
1618 6568
6710 4898
6548 2584
8428 1144
5073 8829
4144 9836
5086 5715
3314 6446
7518 7598
6899 2216
2209 4660
8830 9009
2196 1346
5564 998
1011 207
2903 3326
9934 3074
2194 3980
8162 6126
2833 890
3923 655
3097 7471
2104 5078
9976 3036
8829 7548
4955 1858
2936 8153
2471 6545
1019 1956
2555 152
7153 7041
4684 5809
3556 6883
7241 7088
3891 1190
1752 9859
2477 8719
3669 5725
8696 7882
9800 3404
6102 1601
1567 9804
1285 5201
3285 5589
6109 5153
8617 4952
7226 7772
6088 446
1835 9062
9575 6700
431 7717
268 405
9269 8900
8159 4467
1989 3567
2928 4971
669 9735
8222 9938
6223 6313
7112 9498
1852 1744
9525 6604
7433 2533
447 4359
3615 639
5608 917
1334 1691
8097 1295
3122 4836
2030 8565
9936 7614
3849 8319
2212 1444
3961 9772
6341 5829
3354 6838
5269 7582
1349 5735
7826 9502
5376 6079
1398 2388
7257 2833
8745 117
5622 3830
2190 8284
4931 9072
7178 7822
4192 2237
9674 6196
9254 2372
7200 5657
9646 2590
6907 4920
9519 1538
2580 5391
5431 7700
4569 6568
4010 9043
2650 3007
6696 3054
5784 7633
480 2974
7990 8992
533 1825
3651 8015
7817 6351
7613 8899
7613 1509
5706 6620
5532 1347
722 7447
7457 979
8510 7901
6098 2257
2122 7326
6952 9780
9371 465
875 8067
8039 570
3549 6824
8285 8065
908 2149
7296 2525
3060 6384
2252 1740
9631 478
1755 4369
2430 6388
6033 5405
6741 3705
4158 1397
7200 8814
1734 7586
2445 6435
2235 7591
7711 4448
8756 1839
9970 4319
7005 3554
4032 7400
586 9624
846 4965
3285 8755
4166 9709
8455 7028
6393 7365
2395 2713
5630 5368
9223 599
7564 3416
3448 3487
4812 8116
5641 667
7104 2390
3480 4350
4608 4692
1004 8298
2341 1811
3608 5260
5115 787
7757 1801
5012 9887
7425 3406
5791 852
5102 2874
4767 743
2113 8867
5344 5467
3921 5239
3442 1744
8259 956
8156 6505
6069 9814
7710 6201
7882 3341
6936 2456
6377 1826
3761 7961
7063 4079
6035 7642
5001 6721
2003 6590
5897 3052
7973 3351
3899 3678
5289 6194
1347 2948
716 8184
4634 8773
255 7868
2397 3940
1077 9684
5797 5722
1293 7483
9235 3050
4932 550
5251 5838
8662 8683
854 7594
7817 8795
4165 9668
4919 7399
8365 9480
6465 6277
3104 5761
2203 9386
5726 9004
899 1285
995 2825
2061 3365
867 23
2886 1818
2304 2249
2825 8494
5851 1155
3446 8521
2578 9571
6355 1675
4394 2582
8489 4125
4672 7034
2158 43
5460 5170
1049 4249
7842 2271
823 7154
441 2062
2125 4393
7470 1339
1495 3280
385 2190
8821 2038
4193 3282
3542 8684
6694 8940
2682 4088
5869 9467
81 475
4675 506
4343 1839
3677 8157
1876 7991
7218 2578
2866 6492
2985 4230
5019 1118
4779 1741
3804 4812
2514 876
7182 6035
5824 3526
6984 9522
9042 4551
2965 1247
1261 4076
1283 7367
6571 4581
3133 5736
6701 9929
251 9556
2909 2138
8504 1713
6445 6705
9180 5215
2494 661
7843 5039
2422 8746
9509 5909
6596 5110
5475 4872
4445 5090
3864 8117
8613 9659
3241 3796
9409 1775
4918 4768
1322 6369
6063 3925
9918 8879
6816 4656
7411 1159
5912 9877
7173 9620
6683 9592
3397 5893
9075 4366
9285 6497
6167 3082
6478 6785
674 6555
1411 2815
8156 6081
9240 3433
2902 330
959 3399
8915 3641
9285 6261
8774 3894
1550 4863
3728 9676
4796 871
8389 6202
9301 341
8280 3353
1043 8474
3097 5084
4809 5220
2546 3536
6828 9843
5512 9147
3506 1615
7775 7705
2099 8038
6787 1224
4908 5293
7196 1800
152 6836
8312 8658
8777 753
383 560
5847 3781
8095 845
2661 3982
1635 6354
351 3890
4360 879
5139 948
1950 6536
3129 4443
7176 624
9437 2298
771 3239
3065 2285
1835 24
9583 5542
9825 2205
4617 295
9569 6669
8280 2058
8606 4384
4538 9776
9237 7515
8213 9311
1854 9391
1519 1230
8362 6297
4224 9973
4061 9365
6585 1050
8266 1357
7711 966
5668 7565
9088 9715
8567 3835
1214 5010
6567 5719
6515 4770
682 6928
4116 3746
8075 4661
1820 7285
3111 4125
2436 3299
1555 1115
5339 9367
5185 2378
8883 4367
9104 5532
8835 6281
2151 7971
6180 9041
8410 2201
4153 8673
6187 3512
1576 6847
1575 8057
4999 6366
2340 7203
428 2832
3781 1311
4473 6822
1860 7086
3587 3425
5954 1916
6708 8255
8454 6145
4807 9543
3986 4999
9260 198
6455 7739
4040 3413
3170 7877
7490 630
3911 7908
1539 9700
1458 1515
763 3945
9066 9791
8775 1892
4825 20
8224 2150
3146 2927
3516 6557
1146 2246
5720 1142
105 3924
6731 5257
1696 812
6963 9685
8447 6163
5506 3909
2558 712
4222 2807
7668 538
6638 9301
8482 9506
6613 2700
3467 2382
8217 2879
9070 1970
8793 4258
2831 4042
8377 7672
3602 5210
3053 9419
3296 6520
5744 4244
2167 1231
9805 7366
2190 6439
7213 2010
3618 3880
9312 4038
8585 664
4258 6544
774 313
3293 676
8328 3488
8932 324
1055 8877
3147 8699
2743 9507
4646 4568
8357 1424
9568 6729
1331 960
7271 4728
8929 7369
5261 7284
8913 6740
2158 5235
7616 6314
2047 280
4712 710
2745 9685
9786 1173
5029 5743
9682 8288
7479 1224
5236 6472
696 38
7556 2639
8059 1202
7015 973
8924 5711
9927 1812
978 3235
8491 6493
1527 9524
4728 3885
263 3568
4011 9849
8633 4262
5147 9740
9461 3985
4646 3092
4958 9328
9749 1284
3549 8696
6243 1490
9512 4417
2590 8980
3802 6019
9847 3123
1588 4712
6919 6670
4376 3051
787 5331
9844 3769
3042 8673
5732 1303
5389 4479
2693 2473
8709 8873
197 5710
3624 7450
1775 6194
27 6959
9088 3048
5350 3556
7724 9035
3613 9583
2333 594
693 396
4842 2344
3926 8911
5842 8542
9481 7626
1255 5727
8268 6488
6329 6439
9121 4148
7344 2294
1662 8904
1007 7827
6678 2614
2163 2943
7421 2649
6928 8552
9017 4408
6834 6031
7498 2383
8594 369
3296 4458
9755 7937
6428 9600
6226 400
547 336
935 9190
3983 6490
6525 2108
4498 6434
8439 1164
4557 2705
5332 1006
7470 3921
2913 2080
7884 3212
6101 2738
498 7412
602 1390
9577 8677
9171 9377
1694 516
5328 4117
7463 3212
1169 8734
4164 2967
3913 9665
5433 4563
4070 1530
7542 6575
1694 2444
6459 2945
3368 7425
1397 1726
5716 4111
683 1042
3956 6235
1137 9470
9293 3086
7219 6901
8009 5614
7487 6237
1549 9242
9884 8460
6626 4787
9042 558
6496 4272
314 6230
681 9140
8305 962
4990 9420
3340 7858
7700 2009
7803 6145
8167 4339
5389 275
5456 7179
1623 7801
852 7618
6551 2854
5111 4815
8361 4014
6868 33
1590 9097
3488 2996
9086 9197
56 2782
438 1243
3952 464
2791 2617
2560 8094
9018 7932
8787 9290
6934 2728
200 4323
3745 389
833 8470
3508 5510
1807 5687
4125 1115
8438 8701
4655 7952
6325 1691
8950 7562
3845 6088
748 3367
8464 8603
8185 1126
3267 5206
7999 8826
185 2071
2797 8436
4149 6131
2968 2601
2122 8422
6489 6744
8073 4515
1337 4134
3325 9363
3139 443
5104 3298
7809 9686
8491 8498
9803 6838
2688 742
7958 4606
16 4358
9422 8017
2413 8200
133 2285
3446 7167
9911 1033
158 1768
9718 3186
7062 2296
9040 7074
3138 5338
1085 5283
7345 9936
75 2372
8502 1539
5411 7640
2824 8488
9449 5544
8984 2723
2249 3082
7640 6328
5403 7424
8336 9573
1424 5521
6885 209
5548 9549
5596 2352
3790 7007
6651 5836
8573 6215
8630 3202
1729 6535
4288 6803
7672 533
7775 6062
7154 6324
9270 8084
3959 2856
7727 2839
4478 8802
9286 6599
8083 968
3698 2871
8233 8382
5066 6127
5914 138
2293 4992
1976 8875
8171 2198
6527 1523
4068 7964
2491 5013
9572 8308
3437 2437
574 1143
9405 9446
6216 10000
8438 8973
4381 3461
6352 4242
6922 9376
9309 247
4934 9202
7713 5652
3177 9302
6630 4946
4667 7891
2530 6132
1968 6633
3330 9243
2591 6491
8290 656
2088 331
6979 7780
5751 8447
7028 5784
662 4217
7262 7761
3578 7091
7271 2966
265 978
6099 5108
9954 5137
9391 9645
4477 1877
8272 9378
2805 5851
4403 8136
5657 2226
6659 5144
8861 8372
7875 3247
7543 3468
5099 4705
4829 3444
4744 4744
5281 7290
9998 9597
4099 7756
8933 8891
4500 7633
1264 5991
401 7849
7876 797
4855 6473
6500 503
6103 6647
7868 3550
8791 1319
5183 8855
9132 1737
2819 2515
6479 7152
7764 532
2642 2050
832 9533
5609 9458
5775 1728
6920 7095
2441 7077
1344 8039
8840 5866
6800 4835
7828 5627
1926 179
7861 572
1751 3655
6227 1064
7291 6636
5710 5665
1708 6007
5256 5997
4111 8796
9535 3988
8583 4935
6766 2474
395 4488
8820 8917
8048 4827
4179 8571
6577 2131
5605 3262
730 5548
4374 5546
9132 975
4167 8880
4843 2306
3750 3054
5536 9091
8632 6063
8485 688
6227 1148
6963 1130
7983 5848
3666 3681
6446 9612
8471 4567
7961 4245
2856 6431
7370 766
4765 6507
7002 9230
8181 2291
2395 7179
4904 7474
2587 6578
2769 6292
8912 1113
8920 2013
1782 2075
6831 4915
6854 6954
4522 7518
4662 4238
9736 769
7198 4442
2067 9468
6616 1764
9424 5697
6555 1375
8449 3496
6090 9587
3878 437
1573 6470
6089 9396
6329 9049
8139 7354
1392 220
5590 3153
724 8309
2691 7868
1658 2120
9798 6831
5136 2542
9285 5417
5125 1685
2293 836
1153 3658
4036 7482
9377 8020
6353 7818
807 5117
5116 6843
8766 605
593 8625
841 4595
5214 8855
5720 4835
833 7791
6378 2560
891 7422
9545 7610
8488 3257
6735 6917
1439 2820
6382 6705
1250 1487
6358 4803
2542 664
1189 4236
7252 7616
8467 6352
2097 3638
1416 5056
9334 6267
4285 4109
1532 2625
4133 7356
1657 817
1880 9950
1159 5776
1486 2439
2420 1944
5702 7082
5402 8203
5222 4668
9587 9839
8212 5237
433 4008
1311 353
8273 983
2285 7241
4267 1263
6958 9820
5595 9326
32 2102
2671 5483
7699 1770
7450 4898
2858 9641
72 818
4564 2848
2994 1538
5324 2652
2151 4418
8166 8017
9342 7711
37 3465
5538 4731
1421 3
2052 5539
2935 641
5781 1277
5625 7419
7914 2260
2259 6772
4493 9535
4178 4757
2785 7024
190 3777
7366 8437
6063 1739
4118 1834
6499 1827
8829 2543
5010 2195
4485 5666
1791 5617
9452 7145
5414 1723
5015 1129
2423 8440
99 6588
323 1069
1514 6696
1653 705
4077 2283
6000 3718
4354 6110
2273 3814
2624 3760
195 4072
4067 1087
8682 3634
7294 4572
2626 699
7632 3285
9705 6290
1482 9524
1787 1677
7953 9213
2399 8634
1252 5035
2910 5521
4968 7843
2635 4642
9494 3318
2061 6599
4153 325
2078 9703
9213 7472
4437 3308
653 7878
904 5942
8922 8743
4710 5697
6258 6804
7520 5859
935 1650
4053 7910
2527 9174
2634 3189
2274 212
5330 8040
8789 1328
3396 3934
9763 6922
6957 5400
1057 3050
3348 2691
2438 8227
3036 4870
9625 7784
9448 4065
5577 74
2072 9922
8587 199
9095 9945
3748 3673
1728 1605
8222 9293
4548 3134
3490 3530
5650 9215
4827 1697
8845 2853
2767 9699
8031 1070
8659 9509
450 5108
6862 7818
2101 9753
4591 1388
1633 9161
7021 4644
4098 6797
3817 8078
290 6906
9638 4017
5026 4758
1686 9155
9731 747
9432 1535
9426 5097
5122 2433
8485 7136
8213 124
7895 6640
3868 639
3018 4900
6292 2768
8948 2049
5897 8521
6298 504
2567 5353
8898 7457
4789 9180
814 4740
2985 8511
1735 2581
6069 2100
1681 8584
168 3310
9052 8848
9021 3704
9206 9719
7825 5735
5837 5307
8962 9225
5276 6
1073 6464
5624 9081
8276 6259
457 2494
8104 551
5138 172
9518 8142
4809 9793
4057 3631
9297 3260
2882 1720
659 7190
4857 9035
7961 3428
2444 2258
1538 6278
8778 8910
4872 9405
619 6025
3099 4403
273 4062
1765 542
6939 9592
1821 136
4070 662
2250 3691
4649 5501
1780 6119
2450 9532
1145 3740
9866 4879
1131 9807
4412 3900
9320 4438
7477 1136
7623 9726
7042 1297
1128 6181
4943 8738
3789 3807
6176 8071
3002 347
5699 7316
6488 7388
7587 1953
4986 66
8716 1587
9117 1054
3727 5887
2034 7893
8066 71
2639 9893
9898 7498
2353 1232
6067 6731
7823 9111
1400 7125
3391 5829
2751 6747
4438 1165
4206 6588
8023 7959
7731 2628
4241 9250
9481 8344
7865 6208
434 55
9478 8323
6930 9687
7239 7863
1558 1498
9605 1488
8823 8288
3550 9793
2964 9278
2366 1578
8400 6077
2800 9766
6982 5296
6642 8695
3731 8791
6382 3773
4810 4884
5221 4983
7299 6404
931 6482
1908 3360
1405 2421
9718 8040
1935 9776
3689 6960
3866 5633
8750 3755
7895 213
6644 512
6890 5117
9229 7893
3517 6535
4619 4094
3105 2181
6548 9066
6929 317
1696 8007
9593 3496
5379 7522
8687 1277
3905 9124
4310 2740
3827 5782
9783 5525
2088 8368
1224 9836
5782 4257
3150 4743
1475 581
2460 7824
9004 7805
4464 5081
6147 1133
9689 9299
916 6132
3836 2392
8200 537
8917 5910
2820 6553
1380 7062
7103 8882
2531 1562
9188 4556
2290 9410
5979 1108
3339 7780
7599 6741
546 9582
2964 649
9300 1644
162 4891
804 6945
4246 897
6816 5569
522 8432
8654 7762
5738 3587
7463 2338
7271 9610
9505 2898
9655 1525
9740 2831
7288 4844
2038 9550
1857 3624
8476 1781
8791 7013
2591 7399
5924 414
4591 5617
3952 3406
799 2796
6871 2675
2846 3017
738 390
5257 8543
6018 5727
2963 129
125 6602
3151 6554
3078 9160
7671 3754
1031 9430
91 2208
1734 4776
7089 7828
9427 4241
7349 1580
8195 86
6029 9932
9285 6821
6720 481
6121 8064
611 6473
3637 2650
7572 3431
1729 4055
3071 2029
3120 7371
3027 632
1245 4707
1281 4759
7115 48
3742 3715
8258 5798
354 9817
789 7417
9592 6326
8183 7101
3153 7929
5927 8067
5014 9264
5142 4831
3267 5461
2045 7943
1543 3411
4479 6050
7991 1876
8798 4324
9205 7103
6763 8013
5272 88
4131 6682
8985 9846
5986 209
5422 7239
8922 9536
9910 3865
6405 4898
8266 2860
1043 5152
4183 6557
4583 3163
9133 7898
772 9565
8638 3909
3911 1207
3349 1143
4374 3488
3020 8168
9793 5650
721 6396
7322 5211
782 3706
2736 7079
9890 8204
6021 1054
861 1957
2001 5955
3671 2598
732 9405
3909 6190
907 4531
3347 4185
4381 1333
910 3424
8057 1602
1010 9199
8552 7984
1745 245
3086 1515
4499 6420
1622 9844
6311 4393
1615 6807
8116 4185
798 1221
8433 9243
3612 9816
8044 257
4171 3672
3930 3320
9343 10
9326 7248
1428 7264
6783 8204
942 6999
3945 6685
5994 2089
2261 3950
2942 8706
6179 371
5377 7967
5784 3082
1399 4044
8179 4659
921 1533
4291 3673
8115 4695
6248 2222
7476 1642
2576 3406
6846 6878
4599 7637
5662 3424
192 5957
8396 3953
9831 2406
520 1478
7262 6571
6063 3113
4671 2671
9696 9130
9680 7896
6761 8051
3598 9754
5991 9737
2358 5110
2791 1348
7543 5914
4475 5203
8342 3939
3325 439
7784 1505
6 2306
7635 3026
9791 5606
7177 6214
8935 9611
3582 3404
4930 3231
7698 4042
7158 1030
4758 9559
9495 6361
4012 8075
1482 2855
1827 7178
832 3079
9247 8283
6180 2282
9069 6376
388 1707
1237 4827
4867 5273
5489 1196
4075 7753
6089 174
832 1019
618 19
1947 9228
1725 4703
2503 7855
1314 8999
6313 8432
9778 7773
9003 1234
1125 3449
8539 2809
4027 3630
6455 2711
118 5390
4784 5834
3642 1261
6059 4121
1970 2411
3631 8447
25 6756
4018 9629
5161 4548
532 3225
567 5614
1813 3721
3038 5647
7038 6371
8768 4497
4794 3274
9861 5423
6482 6729
235 550
3599 3172
996 9474
37 8579
1031 8882
4065 3636
5043 7268
565 380
2376 400
8763 2786
213 7444
2409 3242
3427 6697
7937 5783
8501 7950
3522 8376
6560 1753
9534 6174
3634 1103
213 7571
1127 9218
6788 6945
4586 8888
10 9524
1335 5688
4091 7330
726 150
314 9323
3320 4900
5896 5192
3621 8323
6373 8920
8920 35
6259 1305
8595 7352
2158 3002
6986 6000
4055 6
7147 1252
5677 2372
7155 4898
6653 7712
5397 9989
2837 7227
229 9923
9938 2237
9093 1644
5959 2500
1323 7709
9269 3910
4195 192
3375 8214
602 8383
8198 9495
4310 3099
8870 9967
9318 8610
3226 6593
8378 9062
1995 8179
4891 7967
1247 6378
7837 2811
9600 6522
9627 6305
5823 9308
4866 4154
3694 5010
4889 1229
8122 9156
5160 1169
4871 8690
9965 9275
9694 4824
1668 4920
7210 6851
4757 6767
5635 271
9281 2896
8870 253
797 5467
4139 7085
7092 9829
4481 7221
6036 6749
9121 8311
386 9246
9666 6378
9947 3885
1016 9734
1730 2278
5429 8578
5741 6848
9540 4526
403 5083
6064 2372
433 8723
3338 7937
3348 8742
6120 3324
9933 4610
3974 4333
7173 9772
2243 8546
6080 7597
3251 3266
5991 529
1611 100
4536 3168
5014 4039
6610 1097
5931 2791
8695 7311
4027 513
8427 3727
9488 9300
24 2071
8539 6580
8597 37
3430 6664
7905 2809
2728 4385
6392 421
1777 4056
3899 5771
8092 6417
8765 5313
5289 7226
2053 4499
9346 3366
7048 8766
6312 2339
2384 5826
6726 8142
9959 6202
8241 199
1530 5507
7765 8825
5738 6198
5867 6998
8624 7975
8032 3003
9143 5454
837 181
4520 6011
1363 4388
4042 1358
8872 1648
3561 5360
9461 711
6374 8683
6635 2818
6145 5621
8925 2556
618 6380
3287 172
2623 1823
7983 8437
3870 1217
4092 8086
6852 7777
1731 6630
2843 2750
6265 7902
5480 8401
3814 4220
7800 9480
2662 6542
8111 3809
512 4862
1296 468
4836 4956
4047 5599
2370 5416
7805 8903
1242 1302
2299 5300
2453 1007
2295 5040
8173 6843
590 5794
9397 7330
6036 923
1087 1606
7891 1201
2792 1622
7096 9481
2329 1145
6061 8423
1381 4423
746 5377
9922 5361
2238 2377
9294 4536
8310 4333
3805 3574
8055 5163
9569 2986
398 4302
1062 5972
4440 665
1426 4478
3729 8985
6977 2276
162 221
5801 2709
9638 197
9944 1287
1803 8967
3949 6163
122 4826
9076 1323
9320 3542
1457 5120
6653 5353
7727 7948
7756 6493
3239 6330
9919 7074
7345 2757
4531 4541
8163 4835
846 3956
6244 6014
3945 447
5873 1471
3866 1473
4791 9259
6027 7255
236 170
4850 5288
9874 3175
629 1397
3006 6880
7892 4830
1209 6911
4590 6456
3713 183
273 1992
1702 1033
3706 9949
8342 7381
7199 6565
583 8293
4138 6199
5367 4401
6719 2479
6583 4903
1006 5230
8041 781
9077 7951
9713 5455
5789 2505
3724 1353
7616 5095
6886 1729
7203 7361
6454 2835
9974 6294
7722 3183
7719 4364
5300 7016
3542 6470
8447 9626
8989 6747
6988 837
825 3079
4263 980
905 7927
7107 7851
7338 8971
7894 127
4500 728
3117 1261
3123 5909
853 8226
252 805
1580 8660
2964 9804
4856 8393
5677 6980
1305 5587
569 6538
6493 4570
8954 8294
4188 1162
1241 588
1646 8550
9047 1428
3691 5898
3619 3152
8407 2969
3211 7465
1247 3157
7707 8168
4039 1166
5151 2587
1738 9778
5665 4626
2231 293
9371 2927
6720 723
269 7301
4709 5126
2687 4544
2998 5314
8106 5971
8853 3273
5320 3706
4624 1314
4124 7997
9174 2072
8276 5026
9491 5774
8111 5534
1379 3245
658 5988
3083 4082
154 1940
9817 6494
4562 9536
6214 7857
8333 190
7788 9979
8649 48
1863 9325
267 4910
3701 7056
2828 5679
4141 4212
8811 4098
6824 3984
2462 2165
9962 5649
1809 6470
1415 3200
9123 7533
3329 2208
9329 5452
8368 1528
8723 5099
4792 2313
1613 608
9718 6618
9986 8669
6540 7519
4721 9483
9992 6986
3797 9630
6500 9403
3561 7458
427 572
885 1223
5638 6359
5520 8809
854 814
1994 4983
6144 9893
5485 5308
1837 4281
5539 9536
4369 5554
689 6889
2707 7353
6295 6948
4762 5885
4 8013
8729 8888
2274 3210
4044 3608
4079 3038
8646 8179
3690 1958
2034 165
3853 6434
1936 5399
4410 4726
9840 47
745 3357
4297 7960
9697 2236
9356 4195
7406 1926
1136 3956
1169 8299
5415 8572
1224 8101
8152 5271
4261 4777
9854 2574
2262 7304
9776 1742
4841 684
44 5025
3286 4350
2441 5206
1054 6929
8089 6954
443 746
959 1520
3143 9740
3116 5892
190 4532
6308 5240
3329 5936
8292 8653
3157 9582
3144 4067
4216 8745
3453 527
7382 6106
1688 4503
8826 1371
3395 1993
6266 8200
7472 3685
4684 6960
4547 112
3792 5999
3626 303
1949 2241
4971 1182
6527 5960
4155 3579
8849 6320
4280 6954
9656 1772
3106 6855
1695 6185
6069 6902
2287 5899
6300 302
6490 4059
8127 662
1982 6181
102 5429
2356 405
82 9436
9854 862
5039 1349
2925 7855
3250 1330
4266 1663
294 9333
4169 5887
7375 4937
4569 5894
3630 866
5723 2614
3585 7631
2005 5007
1584 7500
5434 467
8766 5228
8392 7019
2448 3911
3601 142
4805 6001
6833 1564
9676 31
1513 3987
9491 2520
7418 9149
3709 9352
527 9211
8670 8693
5552 7005
2641 2657
6601 5784
1056 2460
7180 2599
8263 847
2832 6512
1865 8859
1224 3433
7250 3299
4789 2813
9416 7801
8191 8668
5277 9748
5610 7206
5983 6581
2998 5294
8190 4986
874 5156
148 254
5647 8970
4327 2292
3824 3411
3096 9701
6512 2277
6038 1834
7587 1712
5996 8242
2972 4182
7052 9629
5999 7763
4472 9428
3862 6135
478 5992
4151 5532
7482 6838
560 8335
1887 6157
64 8326
6173 8097
6939 1984
3358 9863
5989 5926
3769 7581
4088 9263
237 725
3844 6471
7303 1174
6793 5289
9614 7349
513 2956
1804 7039
1541 4800
5288 6482
8335 1656
4689 856
2108 8534
534 5261
9976 3050
6219 2524
2716 2437
3617 1976
4712 8638
475 4269
8222 5343
1664 1231
4109 8579
687 5810
1710 6122
469 7150
4314 4440
2611 3995
5111 3752
8945 2189
9754 1568
1633 9276
5709 3686
1203 5043
6020 2652
3317 8638
4349 6007
7971 5692
5444 7448
6000 3907
6262 8593
3652 1435
6748 1132
3075 5637
1400 4290
6829 7873
7496 4578
6486 7371
3668 9588
8948 3233
6527 5396
735 4754
9218 9376
6440 8749
7723 8717
7478 9273
4533 545
1161 925
2660 854
2346 8067
2895 7820
3716 3365
8458 6198
3968 4846
1964 228
1136 5516
5341 204
9083 2865
590 451
3400 6371
1806 270
5702 7756
5164 2557
4274 6643
6661 4184
9123 4189
6827 5102
8091 3063
212 3139
7177 9829
1724 3951
5944 4179
9734 6455
2911 7632
1870 2927
8624 8164
7779 9745
550 3041
4149 7249
8680 3279
8732 501
8733 9144
3065 3657
3308 3680
1823 7186
8779 8775
6710 5981
6056 2614
874 3192
1089 6364
949 8786
1574 4014
5546 7036
6985 9452
7685 3130
2675 4841
8721 8376
5316 2795
6627 9456
2280 5491
3293 1737
2451 5571
3520 9370
1578 8487
522 1151
576 8222
305 2378
9302 5749
4168 151
3741 9364
7717 2899
2455 8237
6860 568
7137 1747
3947 8120
9516 2049
7763 7009
1307 2613
9270 7605
40 6582
8195 9470
8344 942
1136 6983
5591 7193
5629 3495
7209 5076
2183 8564
794 8975
9403 8969
3002 2604
8320 7468
1796 2651
8395 3811
9667 9356
2621 8069
2572 1587
7646 9933
2356 6366
9670 7674
7455 332
6389 2844
6776 4480
135 1050
6794 1375
9505 8370
6752 1585
3016 5384
93 7818
5024 2676
2122 4370
2303 5500
4169 3038
4217 3046
6782 7030
1922 8589
5861 4490
6366 3410
3753 199
560 7178
4317 98
1698 8150
5221 8232
7979 6959
3063 3803
133 9339
7897 6449
1562 3552
8573 194
1321 5418
5990 4576
5784 5515
2902 8072
229 4328
5233 2069
4391 5222
7400 2700
5140 1495
132 5572
4613 3129
3876 1443
2568 3316
1736 2650
991 3574
4687 9612
5210 1867
4243 8119
7570 169
884 4236
509 4535
8001 3119
5346 3661
5065 1886
3258 4686
5912 58
2057 7394
546 4140
519 8765
7731 9790
7539 3688
4874 9146
6829 5739
4550 2834
1584 5135
5415 9637
821 2422
7799 8060
5740 5794
321 6301
6539 6371
169 1478
5904 2310
2195 4594
9719 9442
46 130
256 3872
2926 16
6570 1768
8386 399
1409 7283
4656 3900
9936 9817
1894 8756
7475 176
8143 2542
9708 3207
9441 9078
4787 2858
96 1532
8094 2653
2889 7310
1744 8419
7221 6685
8902 438
6901 7369
7488 615
9072 2724
6458 8526
1166 4108
2039 7816
7182 1422
4788 5734
4905 4651
4029 2145
7971 4261
7043 5288
851 3659
7080 7568
3557 884
911 5992
9707 7576
242 6848
5014 5773
9700 6492
4342 9927
9368 5925
9396 948
1342 718
3309 2205
5915 187
9460 1221
6977 1821
8853 7608
1460 2747
2785 5815
2275 7321
3085 9779
6734 5105
8559 1707
2241 6644
8710 3187
7653 6134
4376 1812
6193 7288
8057 2549
5168 9706
7104 4653
9553 8606
4356 692
5041 7935
6740 8300
2814 3466
159 9610
8698 6095
2268 625
1820 6105
6718 1843
7308 5956
3787 6344
5152 2004
3691 4434
5403 127
8018 1916
6225 7268
3758 6400
2621 7514
4020 7006
738 4886
1341 9290
5882 3583
8527 8146
8724 6732
2487 6656
723 198
3069 1906
2561 5757
1580 1702
8391 9169
9088 3525
4553 9020
9424 4109
7911 3789
5606 2828
8063 6662
4262 8428
7573 302
5038 2836
930 88
7802 44
5246 9436
9334 9574
2989 3207
2970 8358
1578 3269
6542 6836
9256 4953
9809 1936
4535 4297
7187 6322
1579 1699
9483 3931
305 4475
2908 7567
7174 4114
6509 7611
3332 3836
8029 9503
7156 8622
2918 2961
7794 3895
2515 9237
5508 5930
213 6800
7742 3668
6603 8374
6196 24
7467 702
3669 8810
4269 4044
6696 7265
9293 1484
3035 530
5851 764
6256 5787
5657 9039
6349 6643
3720 2677
1838 5634
3491 7265
2734 7164
3529 2632
9257 1800
6804 9397
5133 7298
7002 5985
8745 9933
6371 4409
23 7515
7112 4138
1101 2488
849 7939
4497 2633
9081 4251
1701 9880
4913 2074
9764 6941
6079 5343
3807 7283
1596 803
8499 9601
1521 7757
6355 8830
7635 1026
9984 2203
2658 4313
8371 145
9646 9633
9437 6187
3289 8364
635 4468
5244 1995
2900 412
6309 6412
1244 3755
9620 3326
2525 8916
5981 6452
5242 7028
7052 6373
767 7788
6323 2705
2783 9966
1236 518
3237 1526
4503 1509
2388 6592
1247 452
8816 1591
9287 4446
4566 4804
4941 5662
968 6315
391 2224
4897 2740
3638 2573
3820 3055
216 9424
7854 9510
483 8529
6392 7629
3995 8198
6565 6180
568 5501
5774 7190
4786 6539
9869 369
7263 4755
8900 7240
2861 9552
9200 125
3638 3983
1993 4680
5859 7918
8528 3078
8846 6340
2387 6637
2369 787
9241 8528
2049 8824
3521 2394
9872 1706
9802 5476
1764 5126
3675 3647
6900 5239
674 9822
284 9943
3636 5579
6341 2442
9833 1662
8742 6991
6865 2478
1974 7470
7583 1278
3281 2081
225 2338
557 5186
1487 4130
2059 4597
6721 9496
2885 1739
8150 160
3971 8205
3922 6340
5330 7497
9825 7078
2222 7937
8044 1561
8831 4774
1538 244
7340 7205
2921 5567
1871 3630
7839 8392
7005 3877
2383 4168
7077 3574
1533 59
9449 98
6044 3518
1441 4410
9524 2992
1391 7690
6895 2600
9645 8564
3926 3024
8061 8881
3049 5229
8864 614
8485 5052
8251 734
7401 4309
7757 2164
7730 6941
5172 7563
7136 5309
1410 1869
4964 8559
8091 7257
2271 4638
13 5367
908 6909
2119 9414
9653 2010
5437 4238
168 8020
4812 3151
3809 3836
5159 9056
7481 6837
5096 6649
7186 129
377 784
8361 1062
5666 4581
5649 3550
9424 8820
4907 5737
6143 9796
6091 8153
9656 6876
1836 404
4811 5372
5686 9750
5825 1458
1113 4440
6760 5663
9295 6292
1763 2593
5896 637
9685 978
9377 9262
4388 9413
6675 9360
4950 9723
1833 215
6559 3274
3743 9054
2351 9847
7421 207
8354 9649
1091 5513
6447 9541
3192 3378
5068 3427
5405 2416
9443 9782
1011 6690
6121 3309
4389 548
9479 1294
3332 5315
3328 3232
8958 5473
7884 9910
7409 9469
4599 8252
5063 6276
2612 4019
4552 3798
3581 7774
2608 7551
5729 5288
9411 9949
4602 8512
1062 9578
3769 348
8990 6800
4034 565
7190 4425
4401 7446
1052 7411
7347 3137
861 9686
5600 1045
1679 7531
819 8032
6194 822
1313 10000
4610 7326
3033 6878
8922 8801
3528 5281
792 9100
3664 1133
2244 4611
897 220
3159 2531
5045 4953
3488 7015
5660 205
1873 783
9004 7983
9163 5083
2298 2500
4654 4043
4243 20
8109 8195
7037 9190
8550 746
9803 5569
1899 2604
2366 1069
7183 4393
7887 5416
6265 4026
2554 8883
7158 9945
4321 6157
7647 2258
8623 5457
9055 9835
2793 4073
3182 9862
6651 2218
7672 7680
2714 7261
2204 7197
9742 4188
2869 5276
256 6080
5830 4146
4197 4681
8124 431
7640 9384
2272 8587
1927 9009
7707 2510
9270 3216
9806 9319
3692 8684
7155 3864
6073 7938
582 5263
1603 3110
1598 4312
6013 9390
3218 2585
4381 7672
4838 3010
5296 3857
2633 1293
5666 2506
2139 5213
6930 7297
8834 2137
2193 5619
6709 7506
1068 7089
5178 3535
6491 8206
6374 4428
2361 8349
3052 918
712 1865
8678 6540
1555 6457
4459 3776
1611 4700
1620 4258
8234 2497
2266 6659
482 3523
6000 6086
9843 3902
99 1505
3539 7193
7354 6345
6206 8804
8170 7383
7299 6862
9605 2415
2934 756
5129 9030
3786 1378
4592 2431
5496 6373
9282 2356
8944 8295
7399 7834
5879 5987
1282 5178
14 6108
5588 7460
8998 3560
1134 7980
8898 5341
7526 9105
9759 2571
1656 9693
7870 7305
3282 5350
2364 5797
2765 2240
9659 2788
3381 1592
5824 3424
2554 1455
7143 7499
2820 590
8791 1876
5941 9341
4372 2971
3719 1349
8968 6856
1817 2734
3322 9209
8935 8528
2531 1455
386 9566
6907 7279
4503 1456
807 8549
9583 5134
8364 2667
6951 1997
5599 6921
9128 1261
9826 2504
2073 7265
5140 5437
4714 232
7548 876
1325 3673
8383 1208
8454 7130
2407 2239
9571 8676
8987 9772
4886 7619
7942 604
9374 2522
1435 4134
6173 4326
473 9220
9579 3361
1653 755
9878 3813
6256 513
1148 6555
1403 1711
2688 7337
5143 7543
8565 2925
6438 9318
3092 4618
2631 2632
9266 1820
4303 4752
3702 3899
9462 8149
9673 8566
5582 1371
8613 3385
6558 2816
6964 9478
8130 4999
246 1350
234 1528
3515 2447
8011 4364
8288 8056
5028 4753
8812 3984
9986 1134
3802 315
5234 7374
4747 8638
6624 7873
9990 6241
2277 2142
9817 5365
7236 5117
8071 4866
8430 5514
1121 6176
8538 6018
5051 9435
9983 9264
8886 8727
3370 2470
4701 3800
4841 9016
6407 4142
8001 3357
6489 673
423 1611
4864 2550
7079 8238
4411 1
1181 8916
5136 467
8903 5806
6 690
4208 210
6247 4923
7154 8709
2197 6294
3085 6135
9032 8482
6500 1604
3627 6030
6310 2309
2795 7622
2378 7813
2750 9678
3518 9725
3837 7832
7030 6926
4231 8132
3231 6514
5464 1727
3166 3300
900 7626
4269 8975
3425 8764
8651 3452
2430 5591
206 2862
8361 9478
6105 9453
8942 7398
3930 1611
7589 1018
2356 8246
158 2384
1456 8997
6809 5860
6895 1486
5656 2300
1947 6885
2113 6904
6597 1127
750 8693
4025 7471
2735 4978
2089 6682
6885 7478
7649 8977
6372 5284
4231 6189
3298 7845
8695 4633
9296 67
1323 9746
4229 8087
4840 8469
251 8517
2316 6535
8151 416
3306 1789
2629 8242
5811 8391
1430 2562
515 8625
9991 4756
8505 9226
9395 4701
4504 9664
3745 1434
3464 3312
5198 5242
5215 1964
4611 644
6609 5498
8262 5288
8433 9255
6462 1203
5327 8006
3903 8104
1342 5328
2486 3253
9190 947
5728 3462
725 666
7978 6783
1054 1201
6016 4405
6406 4797
7098 5849
693 6799
4474 8617
3863 9505
7526 3734
6781 1028
8752 555
1874 983
12 4028
7395 2650
1494 3320
393 1380
2132 3738
5424 4449
1544 667
5097 8790
6227 3210
3394 4039
4243 430
2395 7462
910 2092
8441 3328
526 5652
8306 8880
3620 442
4922 2083
9263 4050
9370 663
819 8410
2695 7910
924 2819
5695 8230
5016 9072
2394 1141
8301 7804
1924 3778
5765 9562
674 7103
1665 5428
3798 2781
3377 6268
2028 3859
5815 837
3057 965
9815 1173
2759 9045
2452 9523
5441 3564
8735 1803
8944 8819
6010 9771
3732 9773
3314 7205
8982 5133
9203 5094
239 4174
9584 9893
9266 9788
940 3212
3872 1105
7704 2391
9072 6594
3424 9036
3882 5537
338 1464
6302 6737
8978 4868
9139 9142
1946 7547
6516 4968
8866 3244
6141 6709
1349 2647
5989 5336
3372 3448
961 2691
2421 6981
4009 7858
2810 1897
2307 3831
5422 2017
3214 5531
8781 5799
8977 7101
2320 9248
2618 7224
4469 843
9450 6522
6345 6928
1405 9711
4866 2456
3243 210
7925 9501
1175 2548
8754 6226
8832 1607
1585 9332
698 2580
7206 8221
9617 6148
8964 2497
3985 5743
4738 7068
3742 4626
3080 1655
2188 7071
3746 1007
990 2750
3156 9019
7084 3285
6090 378
1849 7616
9208 5302
2414 3914
2745 6281
5564 4522
5654 865
4373 105
5014 120
1506 6096
5633 9066
1903 8650
7009 5708
5399 5485
4005 3087
4434 2911
9922 8876
3728 2652
2312 7643
1591 6807
8232 7527
7511 7382
6157 5849
9434 3582
756 547
7408 6929
8522 3275
6581 3667
4436 9217
3995 2706
2548 6807
7694 6044
3970 928
1801 531
8658 278
6209 3231
2373 326
9993 771
603 8878
8062 1545
5678 5164
5555 4579
1863 5721
8958 1982
8697 9023
3234 4989
7897 2183
1004 4697
4474 2434
2686 249
7480 4009
5952 2731
7334 9260
9640 4536
9485 8990
865 9196
5621 4879
1130 1296
89 3726
6905 5365
8028 8207
3176 2614
2261 6036
7448 6962
2331 4389
3072 2766
8540 8246
6417 4795
9306 697
2396 1275
5451 8076
726 545
1741 6650
9551 2340
4785 9476
1651 2157
4465 9004
3285 98
6145 2602
7341 9220
2148 2634
5129 6830
8083 9177
1835 8058
3647 5103
7323 3691
9217 8059
7694 8616
7082 7208
7674 5492
7789 2871
2571 2558
189 5336
2328 6107
9780 1059
9772 2592
2024 6776
101 4379
5966 7186
7604 4186
516 9736
4720 1343
6995 5382
1923 6699
8610 9178
2838 300
9960 8302
6349 5994
7014 3863
3677 8876
1482 145
7765 7359
2189 8540
9772 9231
3765 3046
2798 5191
6433 2911
6395 6913
2902 1953
6913 2223
2677 1862
3799 3395
2248 7461
2388 5524
9309 7895
6663 4445
5474 1930
2691 2363
4304 4591
761 522
9377 3581
6085 9708
1917 9486
8886 7002
9859 6854
1666 7999
2194 8251
1419 2933
9323 2798
7300 2783
5751 8464
3501 3218
4559 9311
476 7301
8117 6475
6939 9896
1050 6961
7810 379
4689 673
4752 5470
5172 7041
8706 5867
6089 2406
4454 7728
1810 2648
5051 1918
5130 4358
6400 4015
4300 80
7852 6070
1812 9982
305 8240
5923 6227
6512 9880
7616 5004
7505 403
560 6528
4656 4502
8336 7473
5477 5467
1374 1888
447 9802
8573 2702
1856 3737
6542 1724
2842 7983
8122 3962
3442 1352
9215 6754
7610 718
7953 1550
8429 5276
3724 1712
8430 5239
7470 5623
728 199
1533 2373
9919 1572
3303 1726
581 1939
2549 6976
2019 5225
9517 7076
1816 2086
8687 3972
4933 9784
7958 6350
1413 2273
9458 1215
1234 4922
5445 7522
5606 1854
4280 8337
3361 2992
4754 7830
4343 6110
2705 923
9415 707
2983 9319
3446 7796
8113 3726
3443 2712
9516 3271
8839 4401
4397 2658
1668 2677
5765 9115
5640 8322
7971 808
6095 9011
6997 8788
6239 790
8979 4933
2158 3706
7790 8312
3738 1907
2829 3059
4438 636
2632 7316
4610 2540
6693 1091
8356 718
9419 7853
7523 5914
5429 1585
7738 9853
2275 9223
9265 6710
4942 1553
7173 9722
1903 3425
5345 7972
5509 3430
2032 2547
5234 7451
3784 8204
305 4209
3371 5106
38 3602
1330 858
5837 8334
5410 1529
1290 6792
5420 4001
5668 3570
3540 5560
6664 330
8715 8001
8644 1931
5746 312
5715 1872
1142 214
2003 8054
1293 1624
7335 8657
5599 7974
3848 785
6392 5680
5458 3287
2182 5960
7119 954
1420 5471
8216 6951
1630 2281
8579 2235
348 9355
8047 1725
7155 58
9965 6251
3737 4565
9715 6096
7721 4515
155 7092
6811 6310
9075 1477
5502 1594
7194 4100
7502 2264
9941 2774
3287 4365
584 6335
863 4097
7256 1598
8258 9613
4151 202
1384 5759
3592 370
9134 8028
5753 3544
7108 2926
7805 4125
8227 7842
2358 7496
393 5479
1320 195
9177 9980
7899 9927
5214 930
8612 9350
5452 896
6414 5082
1973 7925
6425 3878
1302 7228
3566 9344
9392 1578
7782 2275
9687 197
5750 9946
2595 4938
5150 117
9175 6687
2267 9601
6771 4564
860 3584
8009 5497
6151 4686
5590 1857
2646 5313
2077 1066
5512 2610
7606 8275
80 6248
4738 9387
6251 5340
1676 8298
1596 5961
705 7549
3106 4811
2973 8354
9456 4250
8846 3812
2112 4553
1192 988
7898 6870
7899 7887
9320 8104
3385 160
8568 8578
6437 5740
1887 5723
8498 4754
7636 9644
5006 3724
7259 8065
5845 478
2572 1191
7316 2644
2522 8733
9772 8869
9815 3624
4481 3056
3649 3232
6991 7692
5286 1852
2898 7
2871 8905
1317 8603
6997 1402
9981 5359
1218 8869
9192 5476
7664 416
46 7620
7996 1140
7744 6929
3215 8877
4627 9469
4339 2635
6636 8973
6594 1746
5047 4850
6810 8153
2249 9672
3404 3849
491 5974
1122 591
1038 3056
398 410
9948 5159
9615 3071
9707 5058
917 4517
9136 2318
906 4581
9017 8662
5644 8814
5890 1059
7121 3519
7425 7263
214 4249
6883 1334
6034 7031
3936 5451
8849 5312
4423 5036
3586 5620
5873 2329
2879 5248
6010 2002
919 6535
7224 4456
4588 680
1832 9448
2741 1674
3396 5246
82 8034
7338 9248
2168 9780
5364 3823
3307 6333
8697 4395
6524 6082
2328 4958
336 5024
498 4154
7699 3823
8395 9740
8520 3909
5939 2394
8015 2692
3761 523
2618 8715
7153 4273
3834 5093
1357 768
621 258
8820 7310
4952 7942
8058 5813
3065 3295
4823 5944
8207 1079
5682 6638
5117 3795
9713 9916
4568 7289
7849 513
7328 5837
4267 7422
7286 9443
3081 21
5681 4931
6847 3244
4 1231
3696 842
4302 8461
899 9924
7827 1689
1446 7783
63 1560
736 935
5060 4000
780 1760
679 2282
1150 9514
9142 5103
7265 6855
1986 7952
4165 4832
576 9451
4390 7272
6311 3579
4645 6186
6365 2719
6770 7535
742 2377
6179 2326
3313 159
3009 314
1351 5246
225 1185
5333 2639
805 7169
4077 3164
1809 304
6536 4158
5620 7437
4826 9188
2402 6245
6992 3572
6137 4245
2807 207
2271 4741
2241 2803
9655 6632
3014 5247
6062 5719
3239 8722
2864 6389
7188 1465
8376 7915
747 6119
5531 9285
8520 8578
148 5588
7394 9507
3709 9465
8421 7210
547 3055
831 6239
2752 3419
1 4957
5381 5779
3945 2528
5961 2638
8175 4261
2081 3611
8740 4074
7419 4414
6436 1427
6945 5479
2425 1358
5804 7379
5791 7024
8762 5376
3237 9432
1082 7463
7095 5809
637 334
8529 2191
7694 4568
4141 4161
9879 8566
4013 7804
7045 1813
9148 5189
1660 4544
1546 3862
4458 5411
4684 3842
4796 6714
8532 3970
2569 6118
8307 2520
3652 9473
3948 9971
8306 5365
5258 8893
9279 9503
3970 4550
3988 2153
3863 8064
7516 3109
5278 8724
2546 4186
2744 2891
3623 878
9226 328
2467 3662
9714 5786
1165 3983
7730 8377
5305 4689
7274 9212
8159 7182
8880 8391
2957 2972
6702 8554
4847 5580
7706 8367
3369 2963
7112 367
3710 1628
2847 8238
1423 9312
2207 3533
8909 2798
3918 3083
970 3067
8085 9971
4308 9214
3761 8327
6792 13
5760 8300
1442 4879
4613 364
2416 7457
2853 6498
348 8608
8332 262
558 6265
2042 8757
7364 1443
2019 4125
7457 9379
8076 9355
4369 5210
5550 7861
5613 5813
8424 1376
8664 7641
830 372
1800 907
7353 7444
8613 5664
1437 2189
2756 7216
6443 1810
5312 1696
295 5720
2133 7700
7060 752
8251 3490
3993 4050
4748 7085
2293 9854
9686 1912
4565 3261
5081 5451
1224 7083
3427 9109
5468 6729
5796 6920
5301 7404
3016 1446
3977 1793
350 1027
1168 6778
5917 1225
5161 8795
2145 9356
9269 4607
3087 5042
5536 2136
7194 4706
450 4063
4361 29
9406 9334
2997 7921
1213 5612
2499 3362
3777 6666
1069 1263
7586 3433
4517 3113
4649 6487
2331 322
8058 8270
7973 2026
7293 2904
8723 432
9180 4806
9490 9205
8079 5124
3678 9772
4505 4489
354 519
5330 1725
4166 9457
6619 9094
8545 1069
1233 3789
3129 2356
6104 5366
7008 3588
3764 8486
9467 5839
1773 5099
5995 6570
8266 2321
3013 9551
7590 1473
2871 9817
9271 8462
1385 8040
1561 8856
4300 7856
4251 5742
6516 1640
376 214
5719 2174
546 6092
2193 2954
9847 8253
247 5075
3552 547
1070 150
1223 4596
7211 3036
9200 2356
2409 7552
1181 842
4678 7211
4350 2251
6386 3001
9926 9414
394 663
8437 5150
5279 7505
7692 9908
1582 4322
33 1100
9527 8725
7618 5054
3882 867
5511 4447
9048 1504
2993 4848
468 6973
6051 4386
3744 8007
7644 6152
6394 3602
6875 4425
1970 6351
6800 8243
9857 2201
8507 5442
5191 7797
3436 508
7589 847
9876 9979
7877 3776
8281 6809
104 8946
505 5122
371 8112
6457 8513
5672 5488
1083 9786
3050 5350
8494 8857
531 1926
1733 1190
3972 1472
7772 8385
6631 3920
2389 5360
4161 8611
8247 3691
2002 1314
324 4866
9451 8192
1046 3513
265 932
2640 1813
2203 2700
4931 700
6755 2693
4568 7804
7670 8438
9855 3315
4563 6
6149 3093
6185 7567
7396 340
4295 3454
5041 9586
4698 2791
9430 3248
9822 9943
7706 3000
7137 916
3017 244
8547 6455
3107 2613
7892 5252
9753 7153
3669 553
5662 6682
1552 1606
7480 1274
5707 8647
425 8977
7112 5285
2084 5165
7041 9136
2961 7880
3997 2393
9024 9394
746 6696
1670 2443
6439 3957
5906 5415
6672 8590
8832 4776
2160 9343
394 4480
9593 3577
7379 4424
7927 9246
6292 7499
8987 3708
1788 4133
7485 8422
5982 1587
5457 5137
1321 8439
4141 4913
531 3953
371 1368
5611 8255
6424 6622
7074 4270
4253 7236
3220 7554
3537 2932
289 6484
9727 9076
1203 4511
5849 7691
2648 7806
5002 7022
2590 7562
4023 1205
3029 1432
4525 2733
2161 8439
5413 2508
1123 6287
6076 4303
7042 4007
2853 3040
6260 7776
1565 8291
9824 5714
499 6002
3353 7861
8156 3382
7234 3959
6314 9655
4292 3440
996 5444
4846 5501
6062 1181
4015 4783
7134 7449
1770 2374
91 3239
2923 7820
9420 3257
5429 5570
3568 6624
9450 4364
654 9194
7137 5895
4884 9285
1927 649
4186 5590
8527 258
4259 7117
3731 4027
5120 1661
5755 5022
3904 8408
3346 6440
8894 2565
7842 2378
4779 4280
8997 6583
9952 7581
5058 7207
740 1863
632 8608
8097 8026
9399 4569
4544 2600
8551 5209
9335 6505
8072 8354
564 2631
139 6859
1706 3867
5466 2040
4225 7809
5803 732
8920 2401
5354 4039
2318 6959
4014 3811
711 7168
2375 5515
3507 6060
5987 3344
7549 1083
8122 6782
8381 5014
2577 296
6633 8369
1535 9648
4193 2569
9589 1265
3739 2225
5837 4643
4863 158
4176 3812
7748 8587
5774 62
9894 3379
1793 6928
3777 4913
9033 3144
3778 7530
6484 648
3267 1974
9740 8882
352 6119
1060 872
169 9096
3332 3815
2956 1104
824 9257
760 9040
1119 7793
3903 81
8580 9960
4994 9041
8913 1455
6523 5779
17 9573
7580 931
9145 5651
8534 9728
7665 9870
415 4106
5409 1715
280 2105
9599 6141
9859 2885
9484 8933
2710 3600
7321 7153
97 8553
1630 5754
7723 360
2729 5260
8399 8465
4811 434
2243 3092
479 54
8052 8884
935 7821
8155 7015
1518 815
6753 8600
6846 6930
5738 9076
6805 5791
5493 8066
7911 25
5105 4347
3404 1863
5740 9864
2217 2624
91 9779
2576 4260
2723 1374
8084 2138
1297 5864
2855 560
462 4523
3356 5005
5689 6373
2419 104
1477 9014
9462 2293
2009 8767
5559 5702
6092 7584
1643 3743
3009 6764
5679 2458
3663 1053
3551 8931
1564 7102
282 8325
2100 3844
4422 5451
5723 4975
5311 1770
3864 8324
5934 9150
120 5143
5559 795
6647 5666
2128 6183
6291 4314
9340 9195
2880 3009
6558 3339
4781 373
755 4901
5355 8036
6286 9584
5819 7262
632 7363
9745 1605
6825 7831
739 8782
90 8082
5740 4955
2014 9278
3348 6772
6738 4057
8169 4217
5980 1251
8219 1639
3331 8446
7072 8221
6257 1210
6737 5459
8836 9640
405 6424
8304 9372
7308 9543
2721 8825
6215 4820
5870 8160
9116 6480
8778 7518
662 310
9372 517
3688 8478
273 3867
5439 970
3718 741
7293 2315
1147 752
7080 3981
6960 1363
7174 8676
9226 8416
5296 2088
3028 5701
1564 1702
1902 7729
619 6274
391 3471
2463 8672
1343 3142
1970 5399
1041 9823
5310 1191
4946 5602
167 5319
7513 3934
4693 3742
9058 8885
9158 1781
607 450
6098 5096
6666 2424
6766 7801
230 7563
680 8112
3555 3142
5121 8227
5471 606
4898 9386
5527 7002
6228 8611
5036 5691
7273 6699
6862 2158
5921 6939
6143 5817
626 1650
2726 9240
4126 7243
633 6983
8352 6487
2028 1250
6932 9961
3182 1210
8335 6666
5749 1664
7673 6257
2745 9399
2495 3468
9887 7148
143 8388
9726 7675
2784 9884
2935 5999
887 6350
7068 5732
9641 3424
3126 5429
8738 7977
806 7681
3848 5647
798 2773
7123 8356
1862 2651
5183 7335
1047 9255
9859 5512
3433 7655
8558 5004
9688 1715
8501 7796
9849 5228
323 4883
636 1159
7596 8046
4679 7193
9416 1459
9407 666
852 2169
9066 4782
8645 4457
8661 4353
5386 3094
6249 6579
2394 6740
9139 8922
2741 9655
9756 6366
159 2461
7324 4948
9935 4374
3850 2857
7031 4123
3386 4055
3260 5272
9517 4529
8014 8798
8455 5282
6842 365
5625 7054
3649 8012
7236 2142
7739 8918
9379 8018
7539 21
3019 6944
7482 613
1881 9516
2851 7984
9320 3826
287 9467
8714 6707
1406 143
8720 3545
5567 9155
1848 3943
3419 7503
4925 7804
3259 3849
6950 9599
2990 939
3274 8055
5215 9923
9024 2092
7730 1088
4078 42
8570 3189
8835 2954
3531 7888
6764 5192
5793 2836
290 310
9014 2804
7575 2026
3346 874
7253 8490
4391 8887
2555 5571
4037 3758
1041 9194
9797 5897
3694 1092
3842 8325
4601 8014
5729 565
2520 3397
1983 7714
1037 9298
2599 5158
2860 3366
6472 8398
1135 4927
5120 3291
3310 1759
3661 970
3613 5053
6123 9433
4061 8098
8137 1148
5180 2178
7212 2501
5541 3678
9300 7546
801 6492
4877 4806
7639 4308
9291 3254
6915 328
7263 6912
3178 110
4025 1065
6221 6878
9168 8900
1918 1394
4112 6777
6202 9381
5009 4143
9453 5247
8277 2359
9764 1903
7903 1621
5393 2903
6325 4450
2730 3403
168 2977
1294 4244
9329 5028
745 4105
8687 5344
946 7031
676 823
1314 8235
6379 6986
4034 9939
3843 148
8301 1827
6174 7655
5794 8635
9446 74
6030 9816
7289 6558
9707 7384
4408 9321
5852 4883
30 3873
6862 4830
638 1556
7709 3226
3980 2064
9989 1481
9657 5883
6376 7067
3301 7443
3595 5816
2912 273
9245 1968
6450 8441
7477 5297
1893 3770
438 7893
872 528
9738 8963
3188 8952
8709 20
7918 7331
8268 9947
9803 8725
3193 6558
2676 8700
2976 5106
102 3504
8278 5347
9335 9019
3160 6092
7132 9180
51 9518
9676 1202
7750 7558
4548 7404
9562 9513
7988 8012
2857 2794
7789 8891
6619 9286
4379 8595
395 4679
2800 4976
3584 463
5738 7958
5452 6208
6829 4493
5093 5822
2253 875
1350 6475
6688 3928
2848 3264
1419 2291
2810 2308
7211 6921
7170 3338
9142 9190
2372 9556
7886 7756
9349 4437
184 9356
6213 7884
468 2911
9637 854
5611 6056
7463 8642
7947 55
2603 182
2151 7467
7662 5309
5888 1999
8179 4361
6244 4127
6567 3357
8530 7904
8894 3700
3155 9215
2661 1981
2443 1497
8527 1549
9197 5558
1432 3730
1373 7397
982 6775
3703 3405
5947 991
4048 8432
8882 7930
9521 6063
9485 6711
214 3864
8780 6333
428 9872
7097 3068
3113 9817
5569 7636
1036 4449
425 5630
602 7627
488 5061
7615 6881
6134 8370
5756 1082
6330 7352
7210 6338
5906 7104
5690 2144
6796 9914
2971 4869
7814 9178
3888 1090
3802 1906
6220 3196
95 3665
6984 2299
1014 6964
2636 313
682 7983
2585 1095
5069 5641
9864 4292
4706 884
7428 6749
6123 7394
2225 7371
9687 4541
5656 7917
1902 2671
501 8157
8200 9111
3657 8305
584 3404
2090 9810
3972 5134
1952 7718
7766 7975
4851 2447
3741 5993
358 5608
8299 9103
2254 2845
3070 8702
5778 9822
2540 913
9140 2016
497 7938
2520 4549
7338 7314
713 5573
2395 9400
7838 8537
6470 1493
6952 4855
3625 3057
9638 2022
8360 5910
80 4353
9059 5054
2462 4568
9191 9350
2658 8234
5681 1053
8276 9544
6114 6605
9008 8782
8788 2725
3742 9255
2304 743
2436 5262
6999 9510
3782 9920
5727 9414
5315 7606
3862 5042
3766 8757
1656 6086
2942 3607
6844 8828
9924 6933
2035 9955
2913 6172
3621 5565
5414 7532
3624 8894
1000 6330
6660 3093
9639 7943
6843 4919
7973 2316
188 9902
7919 2084
1489 8924
401 10
624 7577
9459 2942
652 8828
3703 2303
3089 6976
9900 2959
7005 6896
4581 6050
8242 6881
5093 7546
4217 9297
7109 1802
3926 8534
9345 6730
5049 3665
805 1756
8925 1414
442 574
7861 9432
2988 2714
3904 2626
617 3945
7416 4496
2269 5932
2975 5839
6349 9758
9717 2974
1489 1004
9253 3532
9183 3529
4675 5139
7628 8300
5882 7788
3125 1483
7316 6380
8068 41
1555 7045
6088 277
5307 9251
876 3224
1166 1337
4177 8219
3005 8806
3071 5203
3532 5992
908 3639
4650 6599
6917 7100
27 7781
3742 7091
5671 3807
3229 2818
5739 458
8922 4927
6685 1272
6712 9271
5908 6429
7909 1035
5184 3650
5186 9633
2934 106
1063 2173
4120 6043
6348 17
6769 4316
1587 1272
8379 5177
7283 2977
4528 6171
9857 3449
3739 3689
749 1723
523 5217
2287 6773
6145 2605
9552 403
5659 7678
5649 5520
9425 1910
4546 4549
175 3955
7913 9959
1071 1356
6620 5596
1633 1870
5307 3228
6512 1670
269 5583
2139 8710
4591 7371
1629 430
6661 193
5478 6943
2088 1861
3412 7672
3517 8807
6661 7909
7152 8742
7035 2243
2504 16
1372 8380
8884 8468
457 3005
7740 704
9953 4468
7657 2598
8344 1906
3179 9789
1143 1259
9611 7813
8803 8281
6206 4207
1094 6846
4438 6119
5219 719
3663 4265
2995 3204
4994 3601
6473 4848
133 2783
8030 5302
4291 252
9314 6968
9780 4799
5503 1671
1519 8132
8530 9161
2122 4918
8811 5565
4561 793
4329 1828
3995 1444
1776 9774
2820 7937
3678 8695
827 6412
2854 2003
2679 1054
3190 3495
1780 4500
250 3809
2992 2179
646 5662
4849 9596
3748 2441
7946 5708
2381 7386
6138 7239
8339 6331
1469 2057
9160 8756
9275 669
5258 2264
866 836
7077 2875
6207 5262
5 797
1954 51
8413 4541
8079 7401
1680 2594
2492 3896
6021 3371
6799 393
9141 9048
3133 4602
4209 7545
3396 7603
4750 3126
8859 9911
2348 6275
3765 2404
8618 2386
8490 3692
8877 9421
4670 2398
5914 1523
2875 2763
1429 8179
3467 6082
6760 7221
6283 7373
1278 3774
9913 1956
1223 7122
9378 6201
2002 5846
9666 29
8637 9875
6374 4616
696 227
1355 6203
1063 2515
7053 9165
5110 5371
4755 8130
8983 3903
2429 2801
1197 9911
5635 766
7778 247
5495 6169
3594 5114
881 869
4171 947
9964 8344
8260 3926
6584 5543
7956 7046
3473 738
2173 2959
4252 8739
4083 1727
5731 7109
2271 2554
1460 5566
8338 8022
8334 424
7510 1574
545 9756
9238 6905
369 4207
7069 9517
2043 1411
8383 2913
2356 6035
3812 4703
9747 3062
5113 1915
6226 6425
7911 8838
5392 5015
2831 3097
6557 125
2376 4041
6944 5625
793 8935
3976 8259
3349 1027
6476 213
5964 4948
3879 9483
7971 8514
6336 9564
2945 2581
9195 2053
7848 4262
2638 4695
9138 113
3741 2074
9618 6977
1125 2741
5524 9315
833 6686
253 2213
15 4392
6596 6926
9158 7581
4172 6751
4598 5623
5515 3538
7889 8416
50 1951
4659 8395
1882 8687
8622 9440
8802 1097
7392 4768
8848 3727
8166 5852
1608 5461
9253 2356
4653 3267
3531 764
9240 627
9580 5686
4309 9627
8186 5200
18 9945
8735 7558
7511 5184
9841 5102
3981 9648
3505 5133
5221 1711
3878 5134
4613 6439
2588 1094
4364 6763
451 2428
1157 3834
7236 7564
885 3639
845 173
1026 8850
2840 6073
7603 4445
4571 9406
6437 398
9947 6862
1045 6685
9612 3850
6945 4593
3787 9767
2237 5870
5887 3632
2350 3541
5816 6390
5855 309
9222 4489
2902 2994
2045 1417
3508 5989
7888 7703
3629 4518
5384 6866
1525 1864
8782 2558
474 3391
878 7391
7744 9282
7258 9594
7915 3999
7212 4187
6887 9640
4232 470
2041 2719
5783 6856
5536 4401
4990 3375
4828 6002
4695 88
2345 864
6060 3752
296 4678
3563 231
7327 2460
2839 2204
814 1154
9209 3443
9025 1012
875 8843
5665 5989
8223 1159
6193 3114
3446 2020
3989 7470
9579 7770
3522 8140
1811 9799
8279 4533
1088 5863
2480 496
2591 8820
9281 1110
9664 8502
5423 9040
2701 7087
7197 3981
3872 9751
4112 5757
8653 3489
10 1490
9473 6758
9746 3172
5377 7211
8250 5867
2057 3292
6330 7325
7407 1301
6204 2871
9791 3770
7324 5069
6479 8779
1700 6498
963 6123
8254 9971
8351 6070
3055 234
2869 9485
7989 8695
2156 2036
9036 4906
3280 6961
8329 2577
3451 5754
8166 5912
5715 9512
1135 5214
9595 1820
2604 3464
8548 1901
5077 3557
6119 4574
57 887
4717 2020
6983 2397
1867 9149
6280 6172
6419 4985
7911 7235
9047 2903
700 8212
4513 9371
7765 9541
3445 6718
4431 373
763 5338
6231 5668
5222 1319
1972 1589
9860 7611
747 2408
8813 9477
8677 6427
1328 773
435 2770
5268 7832
5383 9024
3646 4269
5153 2894
7319 6772
329 5133
5291 5379
5567 9806
6356 7403
3606 5789
8319 7033
4807 2283
8337 6624
6485 8074
6052 3431
