10000 10000 10000
5239 5940
2158 9160
4799 5444
6862 9734
210 5251
1038 1243
1877 391
3753 3604
6502 2967
3143 2058
2669 9823
3586 7256
7980 8485
8652 7211
9132 805
898 4848
2514 8671
4287 2458
8555 8328
8517 3355
8092 6691
521 9509
6295 496
9022 3808
3464 5842
7549 6179
5730 8634
4025 1250
9394 6067
3939 4080
4649 4643
2149 8522
3356 8371
215 3383
10 6919
8891 36
6679 1811
7379 9720
6720 4362
7521 6769
5887 4561
4881 4478
7297 5574
4099 5594
897 7644
2548 602
8312 4387
5038 2454
192 8406
8881 318
5278 9279
9996 3451
8076 9274
5013 5542
9983 173
7625 9077
2628 5278
1935 8772
5560 4732
7606 4278
8449 6584
259 1436
8029 9711
3073 3801
7053 9720
2253 363
3740 9733
7672 1495
3072 9370
3897 1374
2418 1253
2022 364
312 9395
5959 4133
295 4587
7308 7631
8059 2155
9029 6844
8220 7775
9464 7600
4089 6597
9413 6815
7239 2752
2328 5352
2070 6625
3077 6374
9288 5179
6539 6851
9070 7946
6435 1461
4427 8660
5519 5520
2544 8918
7057 8757
6824 1834
7099 5085
7939 900
7703 5036
3415 2518
5772 9946
4374 7953
5242 6503
8000 7833
2392 1051
9141 3863
994 4563
3928 6943
9066 6895
3390 9076
9857 6698
3494 6150
8659 5845
11 3047
5797 3851
3028 9784
4284 6000
6937 7023
4395 2927
8610 3347
2766 4355
6128 1822
9207 9877
229 6902
3503 5762
8618 1430
3517 5761
9200 4581
6763 4032
8526 5774
3092 6057
128 3078
6089 3157
7923 2292
4016 3102
8268 7330
8696 837
4269 5188
8771 4704
6703 3630
9854 4324
8518 8911
2176 9122
9217 4670
8221 4985
6974 1485
9281 6426
1323 6110
4652 1488
1874 105
8263 4815
7170 6043
6142 4687
5498 2584
2556 4720
2838 458
7387 4552
8195 9525
1206 6795
6909 5290
7189 9724
3685 4607
6341 4642
9105 9191
9396 4844
1851 3537
5797 7954
3503 9328
7325 3377
5074 6823
2871 850
8745 7645
9445 5244
2535 3628
7260 2101
6821 5344
4128 6272
1659 6909
6277 225
5056 7655
6479 9522
3740 5092
9348 8846
5970 1233
5571 9424
6767 8311
8896 9454
2913 3059
3882 7996
5692 2074
4473 5508
5279 7970
8098 808
7597 5372
1324 1998
7414 1343
9305 8283
6752 6134
4603 3941
4225 5403
5951 7932
5017 3361
4416 8176
7655 4155
1140 8560
1744 216
5351 4778
3776 1345
2524 6552
194 4940
1427 2271
4706 9734
8774 6480
6898 3983
4189 2824
8258 3751
1935 984
5344 688
8217 4379
1469 7508
2727 2336
8317 5474
680 544
3028 8483
6193 7176
786 3648
6345 2619
8497 3429
4951 8638
1044 2374
4 8238
6579 7911
9827 2234
768 224
5014 2833
4165 1603
1531 9018
9688 5150
8919 4541
3028 2421
590 4064
6008 8214
1636 6721
8983 9785
7688 1731
2590 3627
4170 3184
3464 8553
817 4956
9144 9289
6576 4961
8892 4333
8898 2447
9984 5824
9998 8071
6750 321
7304 3047
7399 1224
7071 8756
841 7983
4068 8664
7953 2140
3189 5780
9975 5647
6309 4112
2085 7025
2725 108
8977 3524
7157 973
7881 6498
125 2766
3491 2006
6102 6426
5225 7382
3129 8552
5153 1093
8517 4138
8862 1941
3287 9801
4730 6251
1166 7604
2999 8559
9526 6851
7495 612
126 9706
8771 755
6946 452
7848 9899
1543 8480
8102 8990
3340 840
1177 7788
4946 9597
2277 1199
514 3274
5868 3772
5183 6834
7384 3938
4522 634
2379 3672
8838 3221
8622 4199
4415 3752
4033 5421
8321 4633
8979 7244
8390 587
5740 9614
3996 184
8499 3114
3625 6578
2069 1497
6318 7644
4639 2708
7029 4438
7221 1017
1734 8258
5153 7019
6130 5769
1251 572
6022 1817
2468 2374
8837 4719
5420 5721
9474 7631
7385 9569
106 7369
5897 1126
7023 7019
528 3789
6583 4397
2483 6221
341 1721
2469 6706
7129 8949
3195 2541
7166 3393
4735 7332
3357 1589
1396 7899
3609 5930
3284 7780
1173 7150
7603 6620
9863 3299
1977 9836
1131 2547
5943 1072
5517 6566
1787 927
3383 9333
8617 9516
8409 7211
6313 4796
3329 9900
3412 3397
7125 2722
2437 7760
4517 9775
56 1567
3436 7054
8356 8432
294 3333
2063 3555
6962 1657
36 1337
5601 489
438 5551
1878 6552
1706 654
8661 9723
9290 2733
3377 8916
7128 1212
5391 7195
2670 1134
2933 107
5779 2983
1952 4339
8183 3671
1646 1697
6709 8782
7027 8469
4660 4891
8215 9439
3527 2149
81 5396
2746 5046
7369 6813
3150 6586
6192 694
2460 1695
7075 8907
3936 4032
4706 4127
4481 5981
6462 8512
6334 1309
6413 4072
3389 3265
4105 2999
3945 2444
5188 2829
4326 5413
498 3525
4519 6213
9290 1873
3259 4550
9154 947
238 8570
11 5481
1840 1470
5557 2283
9544 5928
1866 8657
9994 3
3306 4113
5633 6278
3647 1852
6332 3586
5557 7100
6132 8632
7835 2783
5787 9554
1507 5641
1638 4330
709 1113
7317 5166
1507 2454
6481 7965
8741 7809
7631 1089
2513 2889
5345 7400
5507 6499
5406 5481
5542 1561
449 5387
9290 6555
9700 5308
7940 7093
3882 867
358 2311
5874 9114
6643 1312
5411 335
4822 7410
5678 8504
4381 8816
4888 7038
6907 4140
1090 4524
2319 9457
9329 3446
3833 1486
834 8330
487 8394
4880 8094
6344 2641
6391 6280
2311 3749
8488 2197
5608 6506
5232 4988
2033 7260
2852 8497
7376 2448
5004 3710
4274 4349
4389 4558
391 7016
7198 7535
8145 3503
3109 159
9379 1579
1387 8275
2212 3823
5598 9619
999 8405
2241 5007
6291 7481
353 533
7918 9004
3460 8577
2723 7906
5825 1116
7079 6003
6421 1644
1683 66
1336 5715
8077 6242
1020 7423
4751 1630
4885 8118
3497 7001
6336 1091
8403 8935
9199 4205
9034 9852
3524 3834
1204 6864
7689 7778
2784 5007
8626 3750
6781 9736
4121 6388
521 6061
6461 5363
2282 4174
4153 2276
3923 5835
3504 2543
7396 2025
6738 9455
6369 2317
4928 4498
727 2424
3903 332
4644 1935
1793 4529
7688 5766
1098 8479
9405 3450
4295 5440
5738 8874
2006 7032
3652 5401
5617 3701
7472 6579
5353 8967
1683 5139
6686 8345
3236 3
331 8242
1672 6285
1843 5403
6289 8234
4973 5854
5239 3132
6012 4787
1942 7067
211 8459
9373 9649
3372 512
9049 3849
6224 3418
7810 2190
9460 2867
518 9222
3626 6160
718 2632
1750 4373
9308 1106
4741 4019
4160 2279
4994 3922
6534 202
5716 6101
3109 20
1073 5273
2291 8978
6268 9004
8428 4580
3777 1713
3052 8804
326 8340
5427 2701
2873 1597
4190 178
3911 2551
4407 1216
4217 1339
673 2220
2185 9938
5800 8347
1539 5655
7289 1376
7576 7898
4486 6435
2793 8041
3951 4064
3032 4567
8809 7042
6155 6863
4061 7028
3375 8861
6821 428
7477 7149
2096 1951
1036 2079
1805 3836
222 551
950 1721
8771 2045
3910 2304
1348 1465
6158 4779
9342 1939
1869 940
435 3779
9972 7614
8278 2785
4529 5259
8912 7193
6149 4696
3631 4994
1103 3889
5963 6621
2683 8332
1967 8470
544 8431
6553 5899
6407 2856
9814 9689
2777 8843
5639 3956
5807 3615
6304 8803
4140 5796
6828 7309
1433 8519
3181 147
1429 9744
8134 5308
9667 8332
1141 1857
4610 6808
1484 9264
6585 6527
6301 5342
748 3289
9117 9488
2977 1153
6550 2336
7484 6968
8627 6151
4552 8408
3507 9698
2752 6043
9847 1415
6093 8448
9878 7580
9717 1053
6188 4129
8295 2852
2321 7402
8952 6984
2507 627
1295 9447
7282 3788
3868 4089
1755 9994
6635 2596
9269 136
9133 1740
2340 6299
7957 5763
4811 6130
5120 8598
7151 3616
145 6460
8861 8231
48 3157
6969 5559
2108 4288
5180 1858
1203 3969
1556 4086
947 3953
6045 3863
9359 3001
4466 2984
6110 4644
4580 8815
1286 7675
85 3274
8818 7085
2960 9933
3092 1043
6240 7265
9137 1972
9155 8386
7287 6278
9387 1836
8968 217
7742 8779
8478 1754
7405 5168
7612 4255
6812 8294
1926 5953
2423 8154
958 2691
6736 6077
4499 496
7935 3256
1705 9031
4427 37
4979 1594
4524 5271
9552 5564
825 7684
7615 5351
4413 4011
643 160
7898 1948
2955 2073
3670 3657
1900 4705
3295 1317
3694 8496
9086 1370
938 139
4494 7165
6000 9566
2926 2899
5801 7252
1343 9979
7532 1614
2639 6234
8989 9773
3125 3591
5311 6227
5274 4512
8195 2019
2326 6725
3901 9996
5204 7807
651 7207
1368 4249
762 7243
8232 4000
8017 3584
2682 2603
70 3140
3860 7949
3580 4491
4004 7211
9982 853
9295 5616
4023 6373
7463 1668
338 261
1839 4385
9138 6947
3039 285
6107 4620
7559 1509
335 2178
5806 898
8173 1057
3182 2101
8087 9402
6430 8410
9107 2859
109 6841
6443 2704
402 4340
1863 8037
2076 5966
4810 6369
7409 1091
2444 8157
450 8188
3041 1973
1333 5460
1914 1549
8048 2200
1331 5164
2306 9392
2863 1112
5356 551
9925 2843
1283 3073
9779 6018
7229 7223
5306 6175
4133 5964
2776 1079
1161 2299
8984 7650
6592 6178
6133 7787
3392 9532
1302 1642
2009 4283
7961 9971
386 113
5749 5028
7041 5854
1983 4966
2924 4020
9406 2907
6698 5890
9309 9027
4174 6636
1329 8102
4751 5168
6299 9931
4852 5939
6059 883
7087 9472
3623 5079
7998 6987
1293 8635
2564 9239
8809 4962
6685 9519
7627 2658
2122 5587
6976 7282
2797 7284
6285 1628
3792 4217
375 2283
5336 9804
8078 3926
9887 1960
1258 8852
635 8058
7621 8027
8045 6251
447 4050
9396 3067
509 7703
1526 4637
5064 623
4553 5953
16 1108
8565 242
2927 5412
1020 2043
6905 5842
9258 7083
675 9551
4921 804
6734 392
8431 5757
9149 291
2059 1788
575 5123
28 3363
1499 8884
3134 2603
6256 5609
2502 955
2296 6892
3529 7160
4362 2370
6680 4173
1578 9148
78 1351
6019 2729
2047 3931
1683 7563
8651 7485
3090 5632
5056 5448
8733 2805
4466 3427
6596 9282
7437 2891
6770 8187
6355 6428
3122 8134
6968 8733
227 114
4094 5516
1984 2746
8406 6149
246 9081
9302 3580
1403 2265
8419 7465
1024 6843
4293 4100
1296 1244
1979 8882
5019 9688
6689 9130
182 8202
6667 3857
9841 5881
31 8812
3260 8272
1186 6879
8505 4427
1441 5172
2405 667
1977 1728
8521 5465
8825 1211
2395 5139
1344 2332
9507 4031
6948 1607
5062 6243
22 8867
6644 3398
9564 4152
6267 496
1599 4779
7041 9388
2288 912
2344 6580
8235 6421
7071 7939
4791 182
1361 1539
2027 9671
5841 8743
9916 14
9971 1029
500 7683
9181 1418
9669 6412
8443 7326
4146 9113
583 256
2402 9046
4837 701
2548 5417
1945 308
5806 2661
8249 2312
5447 6580
7 7422
4983 8644
6060 4493
8279 1175
5171 370
7683 5666
5392 6045
9480 2551
8410 2724
7429 5978
8334 584
5736 4142
2798 6028
990 2110
9157 8710
1674 8389
95 4081
6305 2477
4604 9515
8969 4420
4316 85
9331 8256
1640 730
1835 3862
5813 2368
8258 8488
7010 3554
953 5948
5846 3822
7796 5762
9624 902
166 448
8239 2597
305 6776
2554 1065
2949 6437
4279 1270
4959 7008
4244 8898
6572 840
661 2436
3575 8414
1623 559
5863 5828
3444 7721
7096 915
2322 665
6846 5297
5047 3061
9315 4987
5968 2613
6358 3475
1215 3804
1612 1322
2615 8888
9724 2871
2833 6005
2679 5862
7289 9803
5532 9523
9356 1318
9158 532
6299 298
4762 4369
8317 5864
5050 8825
8922 3269
912 6306
2531 1387
2955 3189
4401 4142
7510 1002
9441 7510
1036 1175
1052 5905
703 2453
7259 6986
9961 6495
6740 6489
4781 216
2844 7159
9808 4259
8506 5317
2425 276
3657 5392
4850 3552
8981 3134
191 2733
948 6157
5944 5767
8247 6987
6759 8987
8082 3042
8174 4193
8130 398
8315 2396
188 5460
4210 422
8517 271
2212 6257
7278 867
402 3541
7440 9805
6439 6327
8448 6977
9656 77
3282 6430
2964 590
6429 5238
4030 8870
7935 548
910 5544
2512 3054
6575 2193
6500 1699
4602 4716
8589 9767
9076 3568
2488 5693
5204 9505
614 5239
9452 6873
3486 5583
1835 1249
5202 1801
8573 3936
8598 1692
2763 6407
9624 6457
7549 3548
6485 4893
471 1569
6957 4360
2490 858
8794 3256
7661 3873
2498 9093
1672 616
9693 3029
3542 2103
7516 4802
9768 4517
5570 3067
4511 9824
4135 6851
9966 8193
3624 3069
8124 7037
2518 6295
9750 3656
1690 4273
8101 7178
6097 3356
3911 363
2344 6168
8791 9741
4845 3789
7915 7131
2941 7697
6805 9945
3009 2061
2138 9890
2745 3680
9387 2150
8530 2973
8906 6422
7428 7405
3464 1135
8977 7976
274 470
4054 9877
6088 7040
9810 7766
8173 294
3736 7425
1224 672
5492 5592
9086 8930
6598 553
699 6319
3861 5396
3335 703
6131 5428
3123 424
906 6779
9693 504
9042 1254
2567 4669
1448 4406
1986 9562
1628 3364
5000 8429
8599 8170
4514 806
2257 7762
1529 9127
607 3882
6819 839
1014 5540
9099 7122
3076 774
9593 4265
478 6933
3143 8073
7322 4544
112 2362
179 7336
6619 3441
2688 3633
9850 8428
7364 9649
2484 1720
9839 3885
762 7620
1160 483
4552 4066
9995 6786
7548 6394
3555 5999
502 7129
2308 1086
9032 1153
4652 9220
8916 8746
352 2770
9216 8582
2866 2278
6034 6828
8383 539
4959 6057
3643 7891
378 1078
4085 3065
6248 9695
4515 7435
4546 6032
2665 9061
4226 7635
2655 3201
5226 365
6434 2388
122 7936
2375 3668
6579 4764
2476 4429
8958 1291
7309 5099
7111 5530
1259 4761
497 9721
7183 7433
7054 2054
567 9246
4820 8043
4548 462
9079 3186
431 6587
4174 8355
1696 3888
9694 5012
8419 9990
236 3225
1895 3671
817 8077
7799 2648
5439 7183
959 3038
2149 5042
5120 7236
1339 5246
5856 597
3657 8128
9017 7405
8494 7828
7630 297
309 6393
3578 519
935 9662
4275 1441
4263 9274
6515 2254
6821 6283
2939 6318
8966 292
4307 3056
659 4417
6638 9723
3898 1022
8317 6269
7428 5907
452 7051
2349 337
9385 4894
1523 452
1746 5861
4408 1999
7631 3823
7113 2792
5021 7332
6826 7012
2307 7854
1698 9305
9042 6466
5916 9333
9355 2684
4541 8128
5605 9781
6722 8455
4449 6601
2591 39
1007 6662
3450 6544
1025 5843
3356 3248
9547 715
8296 6609
6374 107
791 9832
1626 1248
7955 463
8078 8761
2511 771
5782 3978
5127 7266
181 9683
7611 1767
8878 3083
6206 4498
3375 5297
938 8210
2127 692
4346 8517
624 7753
8513 8762
9568 9843
7460 8310
5916 9412
6504 6446
1776 9629
3707 4760
3816 8941
6053 5454
4846 4633
1388 2120
4844 6259
8493 1701
3721 8154
2341 9633
2848 4403
9695 6464
6252 1643
9662 1344
2661 6813
9728 399
2164 1103
5181 3102
3607 7211
5728 4550
1477 8894
6533 3382
414 4757
3838 4943
3070 4803
7905 3684
3367 7730
4682 649
6233 6411
483 6080
8726 5716
9575 7071
2375 109
8683 4964
6865 2682
4751 8094
8805 937
7848 4776
4485 6030
7464 9454
2399 5220
4494 1824
2959 5390
3897 6165
8152 9047
252 6601
290 6545
4280 5006
8785 9178
6577 9991
7182 4003
5588 711
4529 7255
5272 1768
1408 4717
1602 3615
7960 7580
3741 8415
9015 3526
8245 9881
7469 5883
8398 5364
9506 1059
5081 4294
4272 4847
2936 7351
554 7941
9704 5568
7508 5723
2935 676
7933 5103
8191 3724
7416 6000
8420 4571
2517 577
7130 9107
9214 9203
1088 3479
6601 779
3444 480
876 6756
8646 7554
7392 6174
5912 9485
1874 7967
1387 2751
9306 1680
1707 2556
129 1121
4845 9742
790 209
4554 7731
4490 945
5390 2944
9989 4024
5476 2029
2049 9905
8485 3558
6660 2067
4234 6687
1099 6871
6264 6399
9816 6531
3153 8585
1242 8398
5968 8006
7366 199
5652 6226
7502 7209
4195 1579
4580 5083
3109 4963
166 1390
51 9591
1172 230
7392 993
171 9781
876 4306
6752 1600
4020 5856
4110 8027
7915 7742
6209 9598
3111 8553
3733 4901
2587 6114
8311 8571
1299 6337
903 9991
1868 7065
7685 1481
669 8804
5687 3725
9562 8271
8233 7280
7537 1468
2293 2521
7653 1756
2142 2796
6967 7784
2316 6506
9933 2187
8881 6468
9943 3615
9531 8365
9976 5634
8129 3369
4275 1420
5755 7877
6460 7581
3975 2316
7106 1497
5397 5310
9839 20
5524 6800
8254 3852
3185 7773
2054 3630
4802 1359
6872 9557
9484 9401
4402 7587
2624 49
3170 9991
7877 4155
7161 1747
221 4559
1727 5113
8463 6094
6278 2833
2792 3051
6418 4460
6521 5734
3346 665
1819 4804
3957 2375
1684 437
2974 3835
144 6021
5915 4131
1230 1981
9243 1536
2285 7802
3626 2714
4633 5323
5439 2541
4657 8524
5668 9911
4521 8915
9061 6380
3874 8316
9402 5427
36 8320
4508 9198
6028 9766
8578 8411
2608 2821
8952 4684
5068 3035
3851 3311
9397 1886
944 6529
665 614
234 1425
5340 1832
862 8366
4118 3347
646 3437
8469 9705
604 5646
1169 6300
590 5363
7705 1981
3685 2012
7975 7469
4366 543
6585 7135
6126 3691
2973 8875
7882 8416
8987 4417
1987 8452
4832 8477
7532 3116
9270 1090
7053 5900
6860 7343
2329 5908
8555 2905
1007 2263
3502 7173
6972 5551
1693 8578
1397 9344
7815 6259
917 9696
7823 8252
6746 4445
118 1592
7284 5664
9591 2547
4385 5354
5510 3572
1889 1324
6785 6080
5773 6117
8607 4112
3228 7459
3932 6054
7029 3750
3197 412
2296 6232
5386 1824
2022 166
7900 9038
4982 1978
9408 1215
1065 9892
1529 4188
4343 2771
445 3687
2667 4082
4345 7115
1895 3576
4071 3432
4471 4382
6771 6624
2923 4847
5964 3859
4183 6405
2633 4428
7527 6967
8171 4973
1139 5892
2234 8454
5677 3626
7116 9785
5581 6505
6225 9151
333 1895
4377 9483
798 5574
4177 9720
8224 8796
8032 9028
4305 3326
2141 8677
4117 7793
5334 3913
4382 5423
7875 2868
2761 5517
4939 8969
9406 6030
8660 470
8080 6101
5751 9511
6313 556
8782 3367
5406 4772
1291 421
1505 1606
1015 3903
3860 6964
4749 9426
7848 5555
8816 6057
7768 5510
2702 6898
3222 3198
3515 2972
3187 3303
2418 6533
6372 6733
8622 4290
8643 2941
7503 3863
3768 9430
5559 9426
9406 1327
4019 2588
5586 63
1962 318
248 2182
3636 4693
5983 1713
6814 3070
3176 110
4554 2723
8282 3277
1830 1688
2062 3283
540 2093
4737 4779
6505 5911
4065 4130
9000 1029
6711 3466
4226 656
675 6484
979 9490
2089 2873
5438 5883
9918 2708
5976 6606
9969 8217
2230 7183
4352 1444
9 2418
3588 4502
6505 1267
6834 6243
3117 3841
6740 63
6325 7720
6147 9397
1306 4162
9978 9577
3729 3565
2427 3243
5952 3480
623 1329
9313 666
1180 3206
1742 1258
7095 1138
9244 6316
4997 2265
2398 4595
4627 711
8941 1231
8781 7908
5739 4579
8956 5741
7819 6976
7611 7065
625 4982
2636 7686
8011 1795
5667 3821
3214 7754
4539 6592
9066 6620
2425 646
8901 8454
2814 5247
4817 7219
3235 1978
1487 7365
1604 7627
5842 7293
6405 9843
490 2979
1357 5150
7710 7690
5231 2139
5613 4314
3516 935
5231 7453
3392 7043
3322 6266
7930 6676
9839 5661
384 4317
5979 6717
7330 9281
6868 6289
6335 958
7335 4171
2974 1884
8782 1382
5326 9306
1859 4599
3320 531
8088 3818
6597 7763
2307 7191
9010 5102
1044 2575
5552 7873
5290 8308
9972 2446
1335 7646
9216 5622
7283 9350
6250 8488
1717 3502
5439 1327
1884 8375
9023 7070
9638 5018
638 1530
8087 685
6811 2155
5612 4303
2873 5454
6280 5891
3545 4369
4611 9870
9912 3450
2990 3009
9898 9289
9546 5401
1180 7867
2803 9345
3202 3139
8029 7620
8555 9716
5363 9130
2653 4765
3062 3207
9896 1320
1407 9913
2092 6339
8225 395
5293 8683
300 3694
1652 3715
6430 5002
8622 8204
5626 3194
3888 4707
4569 8111
7963 965
7171 3260
8823 1813
4582 233
3357 5283
5869 4314
8506 2179
6503 8442
5668 4191
2646 9967
8274 185
4076 1572
201 5384
8133 1856
8588 5001
8293 7672
1955 7220
6840 7332
4183 8728
1097 8873
4885 7599
2124 6606
1352 4282
2062 3258
9204 5691
3297 6645
7102 2176
4022 2903
218 5176
9941 5762
8672 2330
69 8908
3428 9508
6249 1173
6510 5219
1620 6889
8757 8773
4750 470
3431 1904
527 851
8276 498
2184 4574
5082 3429
5684 6570
1521 2130
8270 7744
4976 9178
1119 374
9857 7194
1378 4955
2588 2200
7407 8550
2311 1082
5191 2997
7504 9114
6109 4856
5836 3902
6307 4
3052 1407
429 5756
334 3862
3886 528
6376 6425
3350 8679
4603 5789
3007 8167
3087 2101
1719 6385
3834 879
6432 6777
9783 1542
7363 2188
805 2217
4652 1117
6626 1766
5120 4262
700 5025
458 8321
7373 4902
3383 5053
8467 5054
3397 1544
7748 978
6516 8747
6585 4758
6388 5477
299 7704
6179 4932
6552 6854
5650 9717
1622 1016
6735 7115
2443 3589
9435 5415
9811 5374
9456 5019
2844 7908
4992 2685
4983 3996
670 2245
481 2670
1405 9400
467 2389
5611 2673
6595 1252
5453 7460
3789 2431
461 4545
6273 2939
7228 4561
4400 653
2073 7940
5696 833
8994 6090
1546 561
5152 3595
6089 5121
3854 7455
1339 2759
3034 2634
7931 1769
7881 3564
6190 5790
6675 5438
2175 7129
8502 4276
196 5315
212 1601
2925 4186
1214 6633
2386 2213
6103 4820
2748 4320
4884 4212
7678 3334
603 493
8841 1851
369 6709
544 3513
7078 7048
637 3294
8651 8709
7957 5738
1755 590
4228 3381
2086 6391
4203 7313
3807 1228
2752 3016
8069 9755
9552 3806
8293 2244
4567 2629
886 9413
1178 3714
1281 8694
5736 5700
2737 8616
527 8353
275 8741
2208 2680
3786 4455
2482 5171
3821 1448
997 2141
5978 5012
2809 6555
7588 5407
122 5495
8341 8355
9132 8698
3038 7332
9481 2371
96 7228
5023 4980
1158 4598
562 7119
7172 9486
8256 6785
5667 4995
2587 602
7329 9718
468 3824
1028 8989
8902 6859
367 9119
2827 4881
205 2749
2055 3563
4685 2859
7511 8844
9653 2788
6812 7482
5271 158
7379 9184
900 9944
4440 6729
4696 9906
6360 7775
622 540
3548 9394
1876 561
5303 8498
9380 9519
6945 9163
3751 2666
7429 8813
7847 46
1012 1373
7850 8534
523 7256
1921 6870
1442 1883
9825 9840
4909 9015
3150 7500
1022 7105
4653 6663
1302 6363
615 4697
4852 8994
5437 6949
178 1017
1857 3964
6558 1763
5548 5899
6293 7816
5737 2564
2284 3743
2419 2037
8392 9630
1953 3886
6530 7171
2957 8518
9352 9739
4543 4151
3496 1774
2335 395
1186 1380
5527 9098
1066 2798
8612 7633
1479 169
5574 3322
8913 489
4476 7697
9285 6650
2963 9680
4911 5326
6924 7610
3853 4194
8604 1858
8847 1448
6897 6698
6893 8497
2515 9855
8793 8936
7237 837
1007 4240
7613 3079
2106 812
3428 6113
3148 6219
4608 3293
9111 5782
2524 7516
2720 9238
681 6583
2276 5387
530 257
2189 2018
3464 1499
6984 9496
5368 5189
4198 7613
159 5774
2472 4546
9015 3199
62 9779
7973 9683
7328 667
8110 2772
6842 5975
7106 3652
3417 5452
1074 1621
5935 672
3056 765
526 4266
3978 8560
8918 2192
5602 4147
7118 9235
2154 5001
4849 5772
9136 4634
6226 9195
8282 3337
9068 9740
6498 5525
4106 552
5494 42
5898 5533
4483 7868
978 6259
9471 1835
7660 1424
8754 6948
9855 3901
416 5272
3618 7978
2418 4986
9762 1748
4889 7185
211 1745
1903 5033
6902 8215
4711 3429
1404 9089
2805 1266
6431 6437
4829 286
7981 3829
5091 4773
3883 4410
1432 5514
8061 3692
6497 3378
1920 7641
4385 830
9488 5459
8149 1064
2873 9945
4996 8042
1545 5933
2670 8729
9472 7088
799 3169
9438 4167
4315 4852
5006 2182
7358 2964
2922 3951
7170 3556
545 2437
7105 6630
5207 6430
1587 7570
1551 4696
4343 5798
7070 3211
6034 6334
9579 8915
1987 5361
8144 1171
3522 4017
4548 7996
4634 9567
5766 5585
4071 5671
5159 690
8660 9621
1467 6557
935 3850
4733 5028
1105 471
9946 3733
9242 8218
7477 6814
3715 8249
8290 6127
6672 212
5576 9366
5971 2591
1198 21
3344 994
1943 1428
8616 7274
8376 4339
299 8653
8626 6854
6011 4155
9066 8454
2274 6515
6178 428
4061 5221
6144 7206
5093 9575
6782 4519
6531 1854
8125 2018
4388 612
8310 6707
3404 4182
1376 9304
8189 9795
7486 1644
8579 6244
7338 5309
9309 9534
7060 2016
2155 4525
1421 1542
3664 9226
4951 6536
5575 8535
3015 1305
4431 2565
325 6036
2515 2871
369 1719
5348 6869
7894 3716
6872 1484
3082 8243
6626 6615
6365 418
3555 8708
7069 6575
5271 8877
9823 5168
602 3104
7598 950
6429 6006
845 2142
6663 5569
9353 7521
1573 3475
1613 8422
349 4245
1772 2361
4821 9113
1955 9982
1112 5218
4566 3578
6501 4951
1192 8837
1123 4925
2773 836
2253 253
9600 4834
1404 3793
3087 8054
980 3969
9191 1282
1906 6534
318 9289
3860 5583
9639 3894
3456 9993
4477 3580
627 1087
6932 7841
9169 6362
3291 6624
2951 4764
7637 8163
935 7087
848 336
1682 1818
3413 8723
5064 9439
7492 4407
3476 338
5051 6008
7249 5940
4277 320
4579 3387
3763 754
9957 7184
3364 2329
437 6654
2709 7156
55 4263
2176 196
8216 1550
5890 3642
5592 6089
82 2081
1028 3170
6833 4438
6991 2777
1768 6732
5889 4434
6253 667
9751 7346
826 780
2112 7855
808 2353
8020 9228
2177 1151
9268 9712
2963 4071
8587 6140
5510 1419
7001 5184
8105 3863
3985 2152
5489 9761
5973 9314
6929 6991
3080 3200
5356 8504
3397 5090
7464 35
4318 4890
3822 5725
2375 3696
6381 9801
2178 8662
4857 9665
6781 9943
3603 1619
7373 7441
3422 4688
2731 9368
4923 9180
7607 2677
8935 857
7574 8730
9559 1463
2077 9664
3479 2488
8436 6952
6108 3551
4958 4962
1949 462
6883 5851
3447 3627
4882 3725
2547 3199
7784 2152
6532 8625
3263 5460
278 1531
9457 1603
3880 8790
6709 6367
4028 562
7486 1037
6114 5937
6619 8300
6779 5899
4809 1002
3072 5402
5154 583
1836 767
9248 1563
2884 989
2832 9404
3319 1355
3229 4629
5798 7119
2036 9242
3938 3670
6487 5774
4032 7360
7627 8927
7514 8204
4953 8877
7168 9579
6362 3744
4284 1981
8644 6876
3127 7843
4382 3118
1655 1817
349 788
6587 1491
1657 7336
2231 3952
9179 5337
4372 9699
1400 5394
4227 5478
2122 2880
9312 7797
3437 9686
6504 2134
7452 3207
5510 9782
8021 7754
9707 2427
8851 6323
4554 6890
3182 6973
8639 3274
9748 9506
6124 7353
9397 3728
5349 7094
9138 848
4969 8522
2057 386
9377 933
9266 3218
2889 6047
3611 3343
841 1
2374 2911
2169 999
5330 5348
4462 9998
199 3189
3938 127
831 4091
8187 2657
8386 2950
8834 6618
1502 9935
1508 4344
1353 5428
1764 8124
1287 3899
614 8285
6299 1655
1180 732
4943 3573
4386 9207
4901 1334
9131 8993
2246 7776
7324 7802
9360 9545
1925 9347
6620 3147
9256 4424
8235 2663
1122 8878
6148 4785
5694 3166
9421 3440
9964 4181
7903 9097
5433 5644
1854 7147
5358 2683
1413 9557
4724 6855
5998 8098
9590 2074
5060 3389
5174 6899
7047 8174
8727 2106
9926 7286
2926 6435
3773 5513
8617 5895
5297 7494
6885 3812
3284 1872
7524 8049
9611 974
8390 8926
2603 1328
3130 4867
8675 7648
3718 313
455 5382
5981 7166
8888 174
3659 8308
4910 162
7215 8737
6230 2677
2032 3432
5280 8631
5275 3159
2535 7084
2928 4464
3686 7368
7440 3637
3754 7362
7739 6495
9133 8017
7135 1475
3956 3227
6320 2012
5530 2642
3070 9373
201 4268
706 7317
7706 4697
1022 8715
3704 7279
6183 3109
8671 6275
8888 8161
5673 4162
2581 2655
9680 7040
9778 2963
3357 7731
96 7952
4024 9140
9369 7533
5754 8888
9011 2175
7257 3758
8448 6048
5717 9552
3877 3801
2394 5821
1610 4560
8157 539
786 1952
9336 1370
5614 4725
9963 5942
9076 391
4095 9930
2764 646
4301 43
4549 1487
4132 3
1469 3703
4109 5746
1972 2667
6842 1633
2976 6917
338 7384
8745 5128
7475 5680
2984 9891
4066 8550
2614 9210
9171 9679
5720 9763
2356 6435
3844 8272
3593 3628
3581 7513
9032 4098
2534 7622
9411 2870
3001 1978
3741 822
5125 9054
2078 8833
5017 4627
3788 6173
4964 6532
377 5175
4854 1053
99 5279
3448 3509
5215 5870
2501 7888
6500 4110
5260 4387
3258 9264
8843 5570
7988 828
2147 6997
8738 3224
3798 1267
4821 8121
904 3182
1086 804
1610 6225
8351 7870
1989 9923
3330 1990
1806 7084
3059 1571
7875 219
7173 1396
6482 3508
5570 7593
2739 3844
6206 3297
3763 6085
3104 6757
311 5232
6090 6072
8025 3791
5429 6000
2747 1793
7122 2308
1180 4502
1846 7664
3507 9803
3752 6387
3203 2018
6184 5992
5831 8182
7686 9727
4359 6479
4569 2478
4843 8968
4794 1763
3516 8459
8869 1095
6026 9206
3494 1166
2244 2662
5794 8309
2499 7618
2284 453
8293 4016
4047 6443
1173 9761
236 5321
167 857
8116 5327
2694 6164
3310 7065
8909 2415
8022 3988
3696 2095
1132 9345
7273 9333
33 943
7258 9888
4126 2771
6675 8405
9977 1793
2156 5375
8652 4908
6355 3305
2568 3142
6120 5105
976 6724
2255 584
4181 5270
182 6933
3852 2308
8451 482
8836 8285
5712 4475
6308 7603
4269 9585
5281 5800
1853 9758
193 2014
4870 4443
113 7171
3623 208
4495 1610
7954 2478
8447 6033
525 9929
4088 1695
328 9889
2790 3839
8654 5293
1108 2195
5086 8156
5010 8799
7639 8164
4639 4746
2918 1987
7269 1350
7984 3643
2490 9241
8629 1496
5665 1890
2911 4304
6684 5843
2930 9622
5851 427
5845 3397
1933 2366
2219 5524
420 3175
543 4927
5748 5994
5519 8606
4818 4410
4403 5482
1776 1413
2115 193
8782 2626
9932 3179
9183 2392
3100 297
4637 1830
5191 3061
1182 2390
3007 1334
7534 6439
480 7688
1425 6164
3533 3029
9811 3583
6627 7221
856 4135
73 7579
7962 772
3535 1087
7635 9394
3526 5505
9298 1558
7093 7012
2808 9892
9402 763
1169 310
1195 6811
5222 9421
5801 5211
2011 8878
3403 8259
4431 6937
7213 4591
497 9090
6332 2231
4916 1972
5734 588
1522 3948
373 8921
4605 784
9275 1066
6206 3375
8575 6886
3013 2758
6715 5644
4416 4965
855 7115
1384 2341
9953 5332
6199 709
1400 975
6389 8532
5890 6333
839 237
2322 7168
4956 1182
3301 5576
7234 5027
5124 3487
9070 59
6821 4986
7677 2499
4200 379
2813 2515
4757 906
4037 4876
1116 6243
9532 5340
6000 8620
3615 256
4075 8193
7185 8082
1205 5798
868 7744
5805 1814
3360 7183
5261 6859
4724 2316
5845 788
4458 1078
268 9214
1266 8153
6678 5068
7197 3451
3706 67
8623 3783
9940 1437
7269 480
5638 6990
288 8503
416 6450
1104 5023
8762 3279
5885 5066
2827 4553
303 3510
3109 281
7953 4672
215 2637
5142 3319
9120 3852
2406 780
5949 9959
7795 5416
9192 2131
545 9489
934 6813
3803 1673
3329 7986
7645 6135
3183 7224
4527 8030
9193 9528
4012 7401
3923 9132
5928 2532
3008 3558
4397 7822
7325 4729
1790 6907
5486 5625
9512 1233
257 2344
8041 7319
6082 1882
4163 4434
3410 501
9931 8604
2204 5335
750 1995
6945 4781
7586 3330
5241 7183
5924 1824
8536 3201
644 2708
3860 977
3160 797
2572 3381
2952 8297
1024 2668
9372 4022
8591 5371
1117 7994
6234 8826
4101 7810
3776 7989
7713 1650
2152 7632
4488 8841
576 2541
8875 3947
7168 5348
116 4455
2723 561
324 5751
9498 9372
2537 8468
2495 3807
2197 1171
5851 6466
1040 3479
4672 1722
6897 2769
5513 9663
1570 789
2850 9663
8930 9546
5050 9879
1751 1712
5852 5792
1 6591
6690 5617
9310 1749
1524 9168
2597 4485
8473 8534
6307 431
372 9832
9296 9588
2115 9005
7349 4156
9908 7330
4338 9163
7360 3795
5219 6526
2882 5300
9088 1797
6322 7318
3377 1155
2793 2437
3100 7116
6677 2118
2913 9439
8748 144
5644 8085
6700 3851
6018 8546
9441 432
406 2903
6314 6499
9871 761
3311 7285
1065 1814
4803 7651
9503 1589
8945 9252
2377 1041
736 9685
9824 477
42 8977
2957 640
3811 6467
5288 6003
2079 2422
7832 1986
4275 6106
3617 4052
8709 3744
1850 4896
8518 7211
8417 3101
2345 8092
1764 4208
8836 6684
4348 2556
5177 8500
8324 5037
8319 7763
8360 5862
2564 8961
4531 33
641 7566
6802 654
3908 9981
3719 2952
7208 5325
752 167
1914 7715
9493 8243
1111 9952
120 2365
632 1600
1775 2681
4972 6631
3352 5320
9566 8226
4073 384
5552 6024
4919 3460
2380 508
785 3942
3964 979
5884 1092
367 275
2112 4801
2843 1151
8033 9985
6904 8683
6492 9579
2522 4005
9253 994
5402 6623
340 736
2712 3545
6750 4095
3291 9595
2656 6337
8454 9525
7210 8299
8218 1496
1578 3312
8715 7043
7719 5545
2487 340
3898 7698
3140 9737
2093 5079
9794 1599
2924 4934
2341 2960
2086 8309
6986 8731
4906 2085
6394 3381
2336 1901
9504 1036
221 2728
3294 9385
9468 5279
8628 6210
9891 4827
5959 535
9133 9818
2017 4342
2819 2007
3412 9277
4406 9785
4449 4481
780 5821
9115 3948
9902 4469
7050 6242
9085 4478
7402 823
7129 7352
2810 9437
8976 1355
7871 6252
4641 6059
3195 8209
4469 7904
656 5853
7165 6178
1923 3152
5279 4627
8781 4526
512 6094
8516 4640
9579 1028
3781 8475
9319 8455
4530 8361
7962 9116
8561 2439
3862 4252
8132 4538
1346 2755
8316 3656
9196 3190
1273 5295
4074 7562
7304 1141
1649 5067
3847 8688
5471 5985
9306 6899
2252 3872
7726 9082
4653 138
6399 2942
6578 5734
9113 1543
3707 2053
2583 4127
8796 4376
1928 5349
3183 9290
3787 5945
6839 7573
9297 950
2597 8018
1111 2163
7874 9634
265 981
5797 6111
8786 9214
7325 9505
7003 5721
3400 1899
186 4652
4653 8562
6990 1249
4762 3183
8608 1808
9656 8917
374 463
3712 4843
6970 3708
4684 5670
2430 6124
7119 2043
2660 468
5651 2654
5213 4105
9203 466
5866 8227
1342 8170
297 4682
5732 6525
7658 209
4920 6374
4814 9691
4345 3483
9506 3077
436 7035
8466 8644
7976 8207
6045 4146
9904 1210
798 2563
4816 3396
8803 6666
2299 5175
9028 4774
1461 4212
959 3950
9485 1079
1633 5456
6881 7666
6070 5910
6213 4015
2094 2812
8997 5981
4986 2924
5198 5804
7529 198
7486 66
4189 4357
4523 6976
2706 3592
5360 2416
9940 5849
7603 6500
5832 9073
8806 7161
9785 9376
9891 4045
8010 9737
7394 5273
8868 4489
9605 377
3917 4481
7706 8170
9549 3018
8211 4767
498 8772
3459 2977
8665 622
6639 3835
1090 1002
2527 1939
9865 3135
3038 7838
9105 6695
9373 4952
1256 8638
6772 5350
6927 3854
8481 4066
4656 7585
778 9632
9818 9944
5943 1864
230 7966
3053 9917
9906 8067
5923 5325
9686 6992
5880 175
9360 916
6350 4510
8882 9853
5310 9706
9324 6495
1299 8258
7306 2181
4403 6411
4172 20
9423 1205
4577 8168
8900 3233
7594 8011
2568 8256
30 2448
8343 1446
2033 8565
8618 190
1740 6894
3261 250
3540 4034
6187 4169
9711 1630
3556 2547
2509 7635
3655 134
5926 20
1710 8535
1438 6370
511 7575
5714 2
3365 9285
5932 108
7521 6365
9281 3439
4400 1504
8248 6156
5170 2399
6060 1737
9043 4200
4505 5168
8721 1113
1996 6827
820 5117
2306 1885
1470 863
7669 4291
5354 2096
9434 6783
7224 1656
9740 5223
3802 9489
9777 1737
8839 6787
2924 4885
9668 156
9205 2041
8180 1261
4820 9630
8829 1676
8797 6491
8396 4383
9009 7575
8192 9422
7788 1879
772 4882
3294 3189
1521 4868
8696 4325
4418 3784
5169 820
9946 5436
1597 9928
1605 8804
8481 6474
5924 526
2964 9832
4351 9157
9031 6432
4503 6889
9927 8106
527 6707
8936 1969
588 1456
3777 9394
9578 5105
4327 1204
8843 1142
5590 3910
9539 3334
6142 1608
4653 3062
9031 5726
3388 5028
8717 2568
1509 895
7421 3307
5067 8612
6177 7756
4979 4233
1453 2433
1677 4031
4738 9489
3497 2582
9423 2241
6393 5587
9464 4795
903 4283
6936 1214
8959 4054
5767 2136
3266 2277
5837 1706
1537 6452
4876 7947
8588 6502
6639 6388
4291 1572
5601 7640
4460 9208
3063 1941
4710 2474
9870 9434
2030 591
9848 5051
9239 376
741 9424
4842 4544
3198 6440
6496 6395
4467 8685
5078 6211
4187 4538
373 7735
3971 8633
9659 7958
8920 2419
8393 8474
2492 6746
6538 3304
6092 7833
7085 6619
6753 4977
7782 8758
2728 2960
2851 1954
8992 7989
272 2009
861 589
4457 2619
4393 3080
7961 5014
9057 1157
3402 6226
7806 4340
5835 3098
8302 615
3981 1716
9024 5775
2796 9668
5774 1564
4015 3331
356 946
5560 6767
9876 1056
7061 8428
3663 8647
879 1678
6634 2314
4058 6560
8508 8874
1507 2279
1479 8967
1422 519
600 6206
1712 2846
6200 4119
4051 6647
6024 1071
9891 1568
8033 7884
3772 7805
6829 8147
2073 3227
8519 6389
5924 4799
1996 7874
7070 730
5431 106
7724 5314
2641 4076
2463 6107
450 8597
9966 3197
3700 9786
5570 8838
5012 32
1384 4447
2479 8216
3525 296
7718 1475
2176 825
5624 3201
3946 702
8466 834
8942 3217
5074 5936
6742 4161
4678 8245
1491 3749
2298 3562
9837 6552
7227 436
9818 5697
102 1691
2577 9781
4167 3211
5334 1890
9497 8346
1844 2745
9403 5197
1689 1976
7715 3356
3810 1016
9560 6682
3064 7583
1598 3402
3394 4162
4537 2661
675 8906
9501 5078
7862 5480
8204 9177
2540 6269
8470 5855
5711 6586
1226 4166
7639 8538
3641 6185
1670 9200
9034 285
861 3365
789 6126
2010 652
6808 7117
2501 553
1818 1445
3983 4784
109 3024
8413 3003
5677 7949
9616 1673
6409 8231
8355 5635
6556 3744
5967 9975
4894 7999
3791 1365
7386 7059
4544 8691
5986 2045
4793 6891
7677 121
8203 9437
210 1433
6443 4541
874 9308
2194 7287
9994 3950
1645 7150
9356 9542
7026 8933
1980 1955
35 7257
5269 4592
6267 6767
9508 2852
4877 807
9879 8969
3877 4705
3896 4628
7998 391
9699 9161
2531 7156
2657 7079
1243 8996
2464 8753
3785 6646
1733 6320
8578 5013
2807 8536
6599 9894
799 2233
4070 7672
1089 4491
8935 3263
6193 9162
2892 2525
1576 305
5045 5067
3891 9918
7037 6677
9102 1914
5290 513
2560 1749
2256 8064
4982 4717
8119 3934
6236 6274
552 8077
1174 213
1979 3985
4670 6056
8849 2659
7902 2266
547 9246
2029 1877
8695 7431
4005 7918
10000 2676
4109 1348
4050 6706
8588 3204
9675 2809
8201 7209
6994 9881
8675 6710
9888 461
4148 7781
4049 542
934 9874
3505 3118
3485 9741
1120 9824
2419 3758
1584 5144
3103 8335
4571 66
9910 5090
2814 6923
7063 9618
1313 4956
7653 144
9652 3905
3184 6872
2936 7949
4099 7181
6102 6954
6488 7105
5015 333
2856 8625
1648 2273
8881 2006
3984 3284
6434 4952
5551 794
9678 9842
4234 7259
4405 9747
7619 9458
8382 9657
5580 4141
3565 6364
3893 7665
19 5817
7849 9708
7252 2872
1038 9716
8445 7448
9548 3315
3678 7939
8270 4115
9333 8175
6294 2993
4686 2605
6113 2236
7147 586
165 8440
2951 6403
367 3417
9762 6326
642 7149
7170 926
8790 3792
4050 4840
819 2826
3963 2579
5700 5816
4221 8904
2648 3189
1313 1444
6479 4695
3340 3294
3873 5336
3904 1514
2273 1862
2670 8709
7530 2692
7022 3189
5903 153
9325 1312
6479 1373
5351 2862
7870 6477
9229 4025
9200 8534
757 1803
9841 7105
8950 5740
1557 7139
3406 8579
8151 9783
6507 3408
2088 1887
7704 857
159 859
3800 7289
8832 5236
7093 8004
1350 1788
9928 3068
2175 5766
3169 2123
4429 841
7961 5900
9415 1886
6420 4818
3372 1221
8146 2852
1994 4808
9735 1306
243 4573
2481 9913
1594 1970
8997 1549
8351 1413
3281 5234
6050 9329
986 7932
6958 368
3823 8529
9875 6939
8444 7755
811 4103
3576 7234
342 5524
730 3581
3588 1967
4624 5994
4482 3247
5385 3772
6196 8705
9158 1895
8370 1396
8981 144
132 8848
6810 2583
9982 1222
1719 4226
960 2322
8012 9851
4453 7341
2337 7672
9521 9751
3770 78
2220 8074
9207 1933
6954 8255
572 8552
8142 1485
174 157
8870 7871
4922 1026
171 7602
9321 2408
6103 3393
5591 358
5843 8515
1840 8330
1526 1529
3181 8418
5576 5891
2594 5149
4686 6067
4745 1934
9572 4244
2483 5315
1963 6363
8276 2545
2940 6368
7853 5659
8759 3084
7002 3316
7470 8867
8886 23
8627 1013
4288 4856
5700 2624
9669 533
3017 1730
5758 7647
2432 7442
1948 7685
5877 6424
1178 5054
2637 2488
1568 616
1820 5874
7753 1676
2640 1695
5532 6517
3265 6602
1645 4816
2274 3028
6516 8601
6543 8210
7124 3667
6153 1664
2548 3492
2714 3113
1885 9854
5205 4006
2483 7773
5904 2109
3343 9013
6280 3052
1027 2682
596 3712
7416 6915
9198 4160
3112 1820
4632 5439
3866 7475
3774 8141
4243 8865
7416 8686
6475 7344
246 4839
4440 2222
6691 1145
8615 4227
4698 3172
3161 1326
1944 2024
3213 6388
2812 9381
9196 4062
1114 2321
1956 5048
4202 1223
2676 7286
5584 8694
4149 2322
2622 6321
5967 817
5718 478
6841 788
4038 242
3734 2794
7371 5831
8952 2552
1508 2746
6253 1513
5741 7791
2587 9166
7020 5373
2976 4455
3392 9414
4938 9732
6691 4966
5551 9166
8206 8614
7053 9143
9860 9754
1070 3300
5938 5719
5706 9403
3776 2316
5862 2997
5393 8566
8462 995
9940 2962
5720 3230
8843 1497
7013 7324
7639 7931
4434 1658
7321 2033
6306 2435
7720 3774
7854 4390
437 4960
7731 4594
8150 6279
6185 4995
4902 7883
6296 6912
1946 8071
1204 7138
4116 2618
3262 422
8357 5261
5794 8278
4584 8385
9028 1054
7673 9528
5241 2573
4590 312
468 1264
4200 7095
4033 4955
1656 1005
3035 6281
489 6808
7124 8991
9724 6734
9299 3918
976 1614
9460 4385
3929 5785
1934 2163
366 2995
3421 6715
4714 382
4470 9252
3573 2670
5812 8140
8321 7369
8917 7055
8952 6090
5567 1792
1283 733
9865 9222
154 4572
2676 5729
4371 8848
861 806
1628 6548
4995 2105
7034 1369
6581 7481
914 6448
6264 9766
8751 78
2228 8916
7791 6002
7948 1629
5400 4709
9330 9174
9782 3638
9115 2538
185 926
9309 6132
3636 1683
3188 2390
3671 5632
6755 6211
119 5453
2645 2985
1132 778
6296 591
8236 8467
3112 8924
9730 4116
2600 4399
2632 3476
9918 2356
5179 7567
103 9753
1245 2076
9834 387
408 3038
2056 7184
748 4083
6961 4889
6798 9528
1696 976
6474 5340
9989 4280
9040 9654
9706 998
6578 9838
340 7239
8797 6019
9205 4747
2847 9073
5799 6015
2436 1006
6159 8039
4411 524
8202 8769
2532 6485
7087 7153
3141 7776
5200 2207
248 307
1618 3894
5423 8003
3525 1625
5127 3843
4328 8186
5985 548
3369 4891
1505 250
1163 4540
3511 3947
4724 8998
2711 8772
5639 7544
513 2055
8416 2427
8707 4136
8467 3974
5924 5477
1459 8508
133 5639
1074 1245
3801 5231
1749 4167
137 5424
9416 6276
534 6960
7299 9124
5808 3724
1676 6070
979 1476
8251 3847
7447 6151
3826 2402
9583 7399
1007 9200
8156 1547
9583 3444
7010 6152
1661 1358
3090 6829
2940 4971
6757 9461
9349 1531
3673 9567
8593 2753
2303 2901
6277 6805
2821 6929
6289 6790
1078 5075
9133 4854
2697 7690
5554 9639
10000 594
3709 631
8214 281
7962 4846
4208 5593
974 2538
5765 6931
8301 4636
736 5220
3373 8100
2884 7603
3674 599
9918 8127
8807 6501
4727 7876
1746 5073
8778 3056
2501 9349
3122 9775
13 8814
5761 1848
7859 3267
2865 9371
1414 8120
2388 9099
2708 6866
3590 1937
5083 5065
2769 7643
3114 1018
6855 5821
9963 6833
8829 3127
4776 6676
4198 7248
1665 7485
8497 724
4647 7196
3189 3352
6458 4037
3998 9152
1316 6726
4533 8723
3720 9840
2144 3677
5682 5711
6160 3464
1308 3069
97 8726
679 6298
1461 2518
5850 4335
8586 3780
3829 7446
3501 8019
2828 3666
9281 8792
3856 7119
7277 5261
5054 7893
3787 1821
8033 3852
3554 4368
2501 8513
6850 6715
2979 8792
1962 8855
1418 610
552 4080
3595 7371
9098 9760
3174 1552
2273 554
818 6231
5411 4942
2406 1098
3317 2638
6165 3444
163 6824
5823 1204
9932 9941
4787 6221
1973 6032
6832 329
5268 9760
7438 5947
3773 1681
4119 4036
1854 4865
2059 4841
5720 1872
8988 6859
1485 5450
6980 570
6656 7754
6558 7045
5538 1174
6657 4206
8995 3176
7351 7351
8962 9678
6447 5013
6061 9397
9393 6788
598 4
354 3220
5007 8792
3787 2346
2857 8351
2978 1913
2071 1968
6565 2429
4018 3722
9973 8804
5622 4821
4956 8946
9228 1711
5161 1731
5601 116
7564 9786
4060 9937
4737 1790
6446 2026
9927 556
3038 6483
183 705
8426 3991
605 3293
7258 2637
6296 147
6645 3238
3499 7325
3986 4258
659 9879
6973 9182
7647 9130
7749 362
6322 4854
8936 2812
3308 293
3632 1366
2779 6041
9464 523
5309 4516
3120 3806
3883 7359
4345 9550
3095 8607
4953 7178
6717 4779
9397 2017
7337 5373
2238 1934
7089 761
6002 3174
2660 9572
5886 4089
8994 787
5864 3066
581 9423
4636 9509
9244 4072
3683 1582
2276 5464
8776 4058
5821 3326
557 1957
4468 7108
3156 4338
7692 1020
7282 9170
1105 6607
9866 326
4689 2835
3096 990
3472 8852
4358 4543
1567 1077
4596 4071
3915 7807
2798 7814
4249 682
6129 8862
9838 9511
2015 2322
4374 153
9844 3389
9181 3542
4616 9908
8069 8282
6952 8029
8883 9541
4344 2638
5415 4266
658 55
742 5811
4395 8441
3341 24
4026 4671
662 3808
6726 6319
135 1991
2040 1369
4095 7131
2280 1560
9396 7447
1647 6680
4356 4334
1815 1186
9397 6347
2056 8997
6936 6418
1009 9801
8848 1997
2133 9504
3534 979
2750 8896
5568 8928
2098 3287
3881 7073
1017 6502
3737 1718
8764 111
8266 1837
8332 6571
5651 3799
6982 7271
265 7832
9984 4948
3894 3040
3759 4065
3161 3150
3004 3880
5164 2054
2322 9912
417 8674
2461 9831
7726 6998
8125 3748
9627 5919
1155 7305
2983 2303
7544 2674
8311 4453
4225 7582
150 7064
9339 1848
7244 5314
4804 8537
8448 7454
8860 5542
4982 1504
7262 4796
9702 7472
1400 5136
7355 6632
4557 6936
1708 7348
8025 4655
3047 6015
1580 7664
1594 2902
2944 2627
8114 1756
5121 3870
6149 4248
2031 9212
1132 4576
8949 2897
5461 9571
1136 1227
1247 9593
5570 8499
3938 3654
1426 3205
3239 4567
7375 5805
8760 3463
9099 9144
777 7028
1471 1278
8487 6222
2682 112
1468 8665
6727 3066
8787 2171
8494 620
124 1689
296 5422
2303 8157
6163 8046
2315 3163
1582 8890
9198 7682
4312 8927
2019 9195
6987 609
8648 7298
1584 3030
1922 3768
6092 2343
4305 4891
9629 2356
8052 4651
5480 4298
6643 622
9487 8097
3400 3978
8727 8624
1686 876
8870 9440
8984 2258
742 6867
49 6613
4488 4114
7418 2709
5968 5522
9263 8322
2938 7019
8837 3956
9409 4043
6333 4208
7136 6797
9243 2159
7343 664
8818 7700
3903 4703
7610 723
7171 6337
8739 7964
8705 7171
3435 5631
8916 2228
2646 6002
4869 9302
4380 6657
5935 8248
1091 1625
671 8637
9253 1354
1857 5672
2978 6123
6811 8188
9690 7964
3318 716
8792 2993
5046 8129
1525 3063
8214 9275
5776 521
1171 1656
3312 7310
3462 8642
4641 7156
92 3217
4677 530
7354 7213
6210 7222
7867 3764
3178 409
2759 569
722 9777
6114 3749
3939 9429
3479 5883
2945 1494
5933 8921
9793 5554
1327 9242
5141 7807
7079 4574
3178 6898
4888 1065
9139 5159
5679 9449
3999 5733
2962 877
3766 3109
7531 3617
6548 1901
8645 409
124 2567
3895 826
973 1161
8990 2979
3175 5858
1078 4572
5596 1314
1176 3269
5679 1533
7706 7670
8706 2154
3902 5636
4731 692
2669 3359
7640 1026
7830 8847
2140 1709
4058 9091
8968 8730
397 5258
4980 8753
900 2993
8782 1884
8069 1804
8152 5136
6271 3297
7465 5772
288 3423
8000 4220
5248 893
4012 3440
7399 76
9215 4805
2024 7314
3592 6390
2080 9440
8366 8139
5550 9086
7794 3796
8269 8942
1321 2058
2226 4271
600 3005
5244 1737
3867 5825
8771 433
2828 3001
5489 3998
9103 5706
6653 4456
5318 2150
7862 2894
5500 7290
5753 3401
9408 4614
1046 6673
6414 3301
135 4769
2915 3742
7369 6390
2711 9987
308 4049
3962 7444
9849 4077
3077 4202
9335 1193
1886 2985
6394 3926
1923 5249
3732 4308
8612 6100
6929 805
9075 8938
3924 5317
6011 7026
1836 2333
6871 7572
992 6019
5426 9532
8287 9654
6076 1846
3236 591
1960 4743
5369 835
1098 4369
9221 7075
6884 7415
7762 8415
3083 3904
5631 9158
1020 593
484 9054
2935 1266
2870 2826
1796 3125
6182 9135
3084 3270
3323 8925
7419 2057
3617 2526
3869 1212
9720 1162
3368 2698
400 7635
2781 5721
3590 4320
5497 3096
7215 9955
1833 7830
62 9734
6721 2296
7909 4415
3534 5585
7821 2404
8527 2095
1296 9086
340 7970
2350 9598
3433 7084
893 1033
388 150
508 6473
5281 4003
8082 2759
3265 9614
8673 3456
9548 8515
1185 4820
5693 2289
6616 9078
6522 5061
2000 9503
7489 3918
3670 4283
7580 6666
1542 3578
9636 5886
6766 345
3540 8806
6852 8841
6788 7361
2011 2709
6796 9527
1119 2043
1779 4216
2390 7722
3513 176
4779 3069
6850 810
1541 874
7482 8253
466 4927
2519 8305
8305 6182
8356 5189
1964 1566
2795 8307
2341 1044
232 263
5289 9930
638 6803
7749 5306
4931 9478
2994 3178
4624 184
2435 7207
7906 1717
8311 5220
8043 9182
497 872
1609 3662
7328 6273
990 8406
4175 9144
2000 8750
9477 487
5806 2142
2779 4930
507 9894
7868 9168
2979 6422
7702 8156
8984 2040
440 8936
6892 8204
6791 7852
8211 3822
8370 6952
5885 7028
9855 9756
4023 2973
6864 1064
7578 2730
11 1309
3800 3219
5835 3598
1966 5932
9318 6594
77 9758
2516 1451
6840 9080
8101 7375
6171 752
7562 7017
1533 4972
6267 5887
2602 6226
6299 2952
7542 9866
1285 2151
5505 2159
3834 9091
5502 612
9779 9176
9628 1768
2371 1328
185 6022
663 532
4529 6865
4029 2212
2889 459
4871 7459
5258 5283
9630 9719
4520 875
9077 2702
5616 1277
8061 2509
3358 1599
7983 1281
5783 4910
5771 2398
5217 4033
576 3166
9885 5264
5942 5466
3296 9644
5509 3470
2965 9833
2767 2349
3753 7521
1290 3142
6735 3288
5489 7545
5209 4544
3378 9825
979 8808
4643 5098
7816 5122
1367 8265
631 3645
4418 280
4188 3695
1705 5720
5714 386
3182 8147
5809 5493
9386 5304
8276 9733
1939 3579
7811 1958
7188 1479
5942 111
5861 2163
7099 7371
809 7968
8413 6340
5906 6498
5386 7578
6050 2940
1253 1539
4282 2461
4770 9057
991 7399
401 2735
8506 7044
7967 4580
7670 1913
6495 1812
2623 2660
5185 4869
306 3294
7264 6161
8915 4503
6591 6727
6080 6127
2686 1452
2737 7404
1020 4536
358 3457
8396 8432
9753 5268
8015 7877
2949 9055
2877 4255
4383 6269
6198 997
6669 546
911 4122
7701 2605
5220 9711
3630 5127
9572 1586
6874 4813
7609 6615
1265 9444
3818 4139
8050 483
9208 627
9911 4028
7279 9976
9373 8271
7829 8929
4493 3050
8005 7992
3129 5631
5170 818
560 3982
4293 9489
7007 2949
8710 3027
840 8431
5226 7842
7403 8501
5054 2688
4376 8031
3447 5414
8452 1847
1046 6989
9283 7279
1207 7262
1376 3563
5161 2216
2971 495
1536 3893
3423 5575
2606 8605
4240 7526
9585 8223
1085 38
9998 532
6336 249
9604 9867
1948 6644
745 7230
347 927
8549 8181
188 3559
8824 4533
5538 7707
522 3582
532 5056
5079 1574
8204 125
5777 3956
7979 8183
5416 3730
2153 3514
807 8196
366 7627
8596 4257
8544 3704
1633 3563
6978 4568
8509 4804
6750 6614
3721 2518
5290 7315
7509 781
8206 930
3298 1853
3348 7627
3232 2376
9529 7136
7651 4768
3751 9916
7899 3395
6372 6636
1254 546
2261 7400
2162 5293
223 445
9286 7389
9182 6873
8709 2230
2545 5874
525 8801
5837 9180
7963 3699
4150 1012
9005 4540
6038 9833
6368 3444
8373 4039
9446 8298
7332 1215
6692 3522
5667 318
518 6767
2026 8651
8156 522
743 9189
7543 2797
9263 5396
3560 4739
3217 5646
8971 1869
5000 9669
859 8529
4154 5384
9068 9095
4029 1305
5255 701
2368 2173
8285 9657
4583 5370
4677 3984
6894 3902
2140 8648
6383 1057
4611 8838
5284 2131
1757 3415
2573 981
1529 4518
7381 1289
7126 5211
8656 9109
5965 3005
4077 7868
197 735
4279 9141
3434 682
2804 6678
2549 1172
3599 509
3832 1224
8047 642
7340 5755
1170 9423
5020 9957
2796 3869
8775 2264
1792 7496
819 9785
5279 7434
5099 842
5543 1079
5420 3245
7823 6806
2671 1170
1479 8990
2448 7372
514 702
7779 2576
3489 4950
2789 2072
3151 1965
2143 125
1283 181
3348 8605
9403 9102
1294 3081
1878 193
5835 6672
7644 7489
4131 6625
1272 853
8208 5435
9539 1310
3283 7941
4421 4801
4036 5968
6151 9230
5756 4997
3316 2882
8774 6039
7342 2717
734 804
2147 8321
1288 1900
3586 4445
9627 8206
7463 2648
2596 7773
1359 3633
9723 7924
8444 4870
7213 6972
2315 1433
3523 9131
5326 1336
9446 4904
6921 3660
6824 8029
6631 2303
3149 1696
6389 9826
7398 7051
9997 3490
8521 9791
3666 1337
5729 1222
5808 317
7138 4594
4898 4104
8971 4726
9587 7529
2467 5125
1364 1810
5276 344
5405 8621
1951 165
7318 5692
5717 8408
3209 5950
2909 7119
7117 251
8635 9914
1093 9340
6659 1365
3787 4090
1302 4760
2992 50
3791 9979
2881 9520
2488 4975
5779 9847
2600 4781
1651 6020
9388 4999
9485 4234
3541 7956
9887 4858
7265 767
8657 8656
9023 2038
8041 4126
4040 8414
4032 5084
9806 8600
2059 3120
809 7220
8387 5328
7782 9066
4127 6079
6922 9421
3513 9141
4375 515
9389 1551
1194 1019
8899 9938
5350 518
9490 1046
3893 5276
75 3450
1566 1070
216 6595
73 5014
196 4953
8906 9412
8282 2332
2830 8594
1863 7862
9718 4201
1165 9360
4778 7847
525 2983
2537 4389
4017 9378
1651 7641
1592 5998
2817 4652
3396 4106
8809 2189
5515 8701
3543 5191
895 886
3870 8765
782 1991
5198 6299
6333 1822
458 762
9688 1077
1379 4037
2243 8662
6975 2545
8689 7699
8079 6860
3339 7444
4372 5175
974 6020
4182 561
9710 7097
6412 2738
1296 4424
6942 6922
8917 2097
2949 1213
8568 1989
8650 85
6181 4168
7985 107
4650 8034
349 4895
9714 8820
8731 2708
6038 9257
1817 2370
911 6428
7536 9151
3887 4071
4193 3848
9168 3415
4656 2070
407 4050
6502 8134
835 8073
4851 7193
3065 8986
814 4347
6716 8596
3857 6389
4166 8285
1348 8508
891 6677
6265 6094
9174 4841
6309 6566
5842 4999
80 3395
160 2080
5002 6459
5737 5738
669 8953
4501 3181
3435 960
1576 5031
712 9802
6299 452
6893 5599
2456 1118
9173 4612
9110 5703
8984 3973
6561 8510
4155 5913
4388 916
2692 5669
318 6290
166 9822
3349 6401
2107 9541
2901 2082
5546 1311
5403 8947
7708 5142
3673 4370
1713 247
3114 860
6301 845
742 2775
6649 7221
2501 4821
5991 5794
4338 2175
954 9436
8770 6705
6862 1472
9080 7157
857 6902
6207 7486
2329 8591
8320 4262
7829 5893
5203 9912
5068 1172
320 7527
2994 8562
7325 4388
5247 3566
5648 9497
9949 3109
3655 3698
224 5429
1784 6081
5975 6057
7730 7083
3969 5914
291 2568
2212 1888
7578 8412
1752 9290
7460 7257
3222 3298
5738 5132
6754 4169
2678 5433
141 3321
8838 2300
7827 3505
3103 7080
3992 1357
3107 7878
5949 6684
6699 1277
4662 1017
1019 991
4740 1387
552 2167
8315 6878
4036 3366
9487 89
9751 8001
3627 931
8386 5631
446 8891
1590 1104
50 6449
2774 7829
2724 7262
3184 4953
6054 9543
3043 6447
6662 4013
213 1252
2443 9973
8054 664
5372 8044
6979 1280
777 1841
6508 1511
2000 1017
2431 6570
8538 5329
98 5458
1143 5182
9746 8450
3639 2796
8804 7459
8383 6550
218 8772
2506 4842
6708 207
7000 1607
9549 7478
8705 3412
8894 6157
8197 276
9304 7113
5408 593
4731 2818
4804 2956
6597 3949
6619 5726
6790 3069
1131 7711
1294 8851
5195 9578
8933 1157
4810 6482
321 8897
3321 6737
9630 1216
5502 6272
4728 9621
7506 9359
1939 3618
1384 1200
3216 7801
9676 4134
3088 8846
4108 8560
5180 1362
5215 1521
4432 279
100 6202
5479 1848
2277 9378
4616 4106
7450 8211
3294 3706
6499 206
9576 3050
1699 6837
1730 8228
1865 6432
4891 2646
9092 1449
9368 3544
4934 1371
478 3537
8499 1201
3322 1002
2829 2028
8095 5456
7127 9497
2258 7675
5417 9409
5871 9464
6728 9088
6408 9503
5760 6217
1963 6982
7820 8279
9893 317
7728 9112
496 5794
5497 4326
9761 8207
1924 2901
6399 3475
6134 2148
7086 2814
7652 6894
7735 5704
5301 2714
2636 9815
1869 5806
9254 2684
8300 5055
7728 2991
9997 2865
8789 1008
3822 5349
3061 2708
6102 8950
7076 5721
9225 9547
8439 2632
578 5653
2928 2444
6477 3159
9621 4585
603 3274
3642 9269
1427 9236
6522 7187
2592 7182
4349 5225
7684 1934
6379 7402
1153 9487
4281 5370
5383 1110
3747 1265
5000 2254
6515 1923
963 3313
5231 9047
7690 9363
3757 5000
8435 2204
5236 3363
7224 5749
8122 4809
6788 4563
7303 4859
8118 6597
1239 8783
2569 5979
4054 3036
6154 3901
4729 6276
3162 2718
5495 2406
3404 6183
7749 9708
8985 6388
7362 1063
3356 1296
7874 6526
6179 8146
3667 8720
2113 8431
7384 6838
1282 8701
2450 860
8726 8052
4193 8848
1744 4484
1243 8265
3582 5818
9031 6453
6449 6561
8884 6944
4696 7654
6567 2629
6700 8739
9297 7303
1406 7678
6612 2886
8228 3654
3444 5828
5649 5898
2664 7942
2608 8668
823 2143
8146 3610
810 9834
3185 5046
3238 5515
1713 8807
9845 4455
8429 8700
4735 622
8409 7706
9964 4284
3127 8205
2560 6581
8923 3144
745 5853
8066 400
5542 6081
2405 850
5894 6516
4981 9520
8771 1414
726 9418
7063 4741
262 8487
9917 3372
6507 344
3173 931
2418 5271
2338 8644
2200 7484
7914 7991
4779 1201
4231 7293
3823 4176
696 3463
110 3467
135 5286
4284 8862
7173 4341
8416 8731
7663 5443
2114 4176
2758 7929
3482 3066
2462 1644
6689 3620
4842 8255
7890 2838
540 6683
4924 2938
6024 1752
3898 1068
6754 4480
999 5268
376 5270
5080 8863
5509 5005
1878 5567
2391 4096
8804 7822
4535 6602
1687 8236
4540 9346
2174 7920
2155 5250
3066 2935
5548 2442
4542 9945
6296 6094
3248 7760
9644 875
3155 1577
4391 1395
9480 3671
3512 132
6523 7354
5811 5772
3140 3851
7439 4144
738 9729
8521 2795
1602 6967
6508 4478
6674 6954
8709 7141
9006 1948
7197 1720
8287 2264
3244 8861
8839 2121
8413 2693
9120 7418
7191 2959
4903 6610
6554 3371
9213 9332
7653 4266
349 8707
551 7145
8946 8273
1666 724
8492 910
4649 5660
3129 2137
6899 7474
249 4986
5058 7704
649 4079
360 6825
3856 4091
1926 2996
5437 914
8429 9763
8379 6489
4474 5363
7533 9491
2981 7204
6711 9379
9119 7955
4775 6681
5795 9884
2481 2968
3615 5270
5761 3376
984 1937
723 4880
1537 6076
7147 3766
3586 4562
4751 7195
1852 6273
2296 9490
5162 666
5828 8575
563 1532
1694 4657
4221 766
3359 4520
6689 9021
4810 935
9828 8176
8418 9343
4017 1180
2615 6016
3032 9224
5632 536
2952 1957
3963 9080
9578 2383
8344 3370
2320 910
5755 5510
5335 6160
9274 1988
6252 3193
3019 5826
5204 2934
8994 2744
1295 5631
3485 3404
3273 5747
7755 5950
5683 1669
6669 4521
7952 6880
9550 1437
4872 2753
5720 4095
6772 1062
7373 6833
5447 2530
8952 180
3633 6552
7563 3312
3419 1405
4038 6864
3361 2726
4116 54
5631 6933
7902 1757
8889 958
6594 4575
2828 9345
7097 1729
9734 7889
9118 9714
4225 3561
9826 8230
7093 6044
4019 7589
5039 7681
6354 4843
6071 7909
9761 4690
6684 4802
2951 2566
8193 8690
8107 2626
5610 1947
452 1158
6270 8709
1688 4150
2254 1097
7301 3864
2258 1546
2387 5196
3766 9750
5662 9669
8169 1939
7536 1825
9710 9280
2514 8779
2782 3175
7590 5678
7293 5935
510 2645
6079 7163
2345 8407
8509 7788
4152 7436
8647 9239
4947 9422
7234 7311
16 8689
399 4369
7040 2595
664 4207
7020 3994
1969 1186
4135 2586
7033 6764
4199 1371
9988 9714
538 7060
1155 5366
7288 8227
86 2487
3323 473
2003 3631
1551 7769
3939 1847
9307 8796
1505 8810
4591 2191
911 5809
9842 9609
5380 6519
1793 6694
3395 4605
6082 7724
1928 4352
6172 3483
9821 8684
8703 546
5252 4901
8095 9886
6095 8692
6322 4888
7960 7911
8498 6071
5147 2132
9897 8397
4989 9692
6852 805
6157 799
8237 6531
2885 1810
2152 8814
7934 4893
862 3680
178 6939
1000 1685
5507 5439
1152 6345
1960 3201
8112 2967
1848 8123
8218 1079
8995 2077
3576 5793
950 8721
7102 9695
3419 6675
8362 1576
595 4477
2990 7265
6997 3488
8846 4709
5315 1393
6313 8471
2561 1250
4982 2529
8569 9065
5489 5643
7310 8476
5719 6295
6703 7304
9082 398
4909 9186
2985 8533
9629 5432
3428 7212
9125 8407
5772 1578
7705 5925
1227 8730
1290 7992
186 5350
6677 7414
1705 4556
9977 9413
2544 8938
9793 4195
5830 5698
7558 4439
5846 5410
7541 8662
4043 235
7817 5785
886 8852
8074 9714
8356 4246
1867 8433
6199 3078
2529 7672
6269 7718
7379 1570
5858 6842
4543 728
4998 3044
7036 8894
1279 1548
1944 9981
7623 2559
8753 6113
4377 1883
8610 9135
6743 325
8894 3299
8760 9276
5691 4051
3913 770
940 1087
7071 6141
4454 6182
8156 4446
6519 8731
4434 8806
2436 452
8709 8774
9079 4141
6812 4105
1775 6639
1929 1738
227 8284
4429 7419
2419 3952
9317 4304
4248 631
1425 7370
5978 2523
4211 7356
5634 9382
5963 107
5472 8885
6860 6008
7551 4944
4538 9253
3140 5757
5039 6492
2408 6194
1367 1093
2330 2632
2129 9410
5950 3293
6738 877
5674 6191
8403 3657
5472 6934
3779 2232
7511 3036
9505 8381
1317 6833
4571 1358
4852 8807
5694 5483
3951 2288
9180 3829
5039 1616
5765 6261
5114 7836
8320 5653
6881 7574
8096 4172
7494 6628
2622 3963
504 4683
8969 5931
9736 8953
2721 692
7111 3923
8958 8918
9605 848
595 3937
9189 5705
9355 7595
4747 6750
7527 1646
3196 5591
1643 878
2281 7401
7598 8692
9751 3757
8760 4297
8494 5654
6 8719
2623 312
1331 7201
9909 802
7182 9670
6632 2494
521 5865
2468 3475
1207 1965
688 2090
7127 397
9522 1889
2496 8333
8530 8834
1118 363
8288 3619
8204 194
4003 1376
5714 5204
9333 9524
6436 5523
665 4973
6298 2004
1837 2165
5456 5008
2287 7638
4073 2170
9912 9911
3467 2277
168 4042
5737 6429
5803 5426
5874 1586
4097 2433
3995 9122
3005 1056
9114 2525
7024 9990
499 4745
568 3246
3021 9984
484 1962
7248 5701
2517 9486
1347 5244
6120 1813
5921 5331
8508 5342
4027 6062
8265 1012
8516 9840
1797 3442
3856 6087
7802 6078
6994 690
2812 7050
5073 9607
984 4766
4890 3881
5568 21
2421 741
7453 7292
7132 4042
6659 7240
4494 3600
6679 9074
8673 2277
6728 6838
9133 9813
1697 4240
933 654
8806 1406
6371 5148
9234 1105
4111 3398
2261 3983
3858 4887
2995 9840
2806 9551
6208 3534
4418 6328
9581 7377
7694 4829
4455 6559
1525 7533
3576 2165
6896 9803
2734 83
2096 2766
8931 796
7778 8499
2988 2386
1624 5537
1164 7868
547 7223
8863 3937
2115 4390
6309 1088
2649 3602
8689 9824
9726 9688
3415 1263
8938 3786
2821 9687
2401 315
9547 8607
743 3365
9689 8587
9301 1673
8208 1177
3054 5658
6679 8194
5688 5420
754 3395
1708 9024
1065 8097
6353 2877
4670 5783
2558 149
1597 5024
3265 7478
5722 6436
9466 7421
2296 7936
4925 4358
302 5267
8015 8295
6327 1331
3244 9389
8076 8433
4500 2612
8460 4388
4309 9899
6192 1572
594 5413
1044 5883
7076 1424
7755 9787
2704 4260
5151 5831
6634 8546
1211 4567
6164 860
17 5282
2075 5455
2529 8983
8920 6514
9906 2061
8033 1206
2687 6332
7055 205
5485 8865
4575 6667
2798 36
1591 8282
1495 7292
3156 4656
1491 8370
7756 3719
8938 1510
3280 222
7496 8149
9741 3461
6063 1194
4839 2759
8618 3335
3139 6244
1489 4051
7336 5959
2626 5514
9857 9618
2549 3052
7214 3945
5208 417
6455 6632
6503 8202
9191 2546
1581 3529
8796 7589
5163 2337
223 887
3076 7972
6767 6943
3067 9980
7907 1766
6138 162
4099 7840
5654 1878
6752 2755
6121 4953
2596 3318
8545 3133
4717 468
4547 735
8367 7369
5117 5043
7631 287
6980 8790
7774 1382
8250 828
9342 5980
7438 115
1187 5556
5607 6588
2125 9919
6459 8991
7962 4789
6978 8093
6897 8011
3470 2337
2825 3615
6514 8547
9981 9974
4460 2567
9603 6533
2562 4580
3741 219
7339 9944
1190 1683
6520 7059
1713 5466
1015 4942
224 8526
6151 1532
3375 5084
3293 3341
8182 9136
2955 4693
8219 5097
4905 9098
9159 9225
4405 2931
9463 9325
5263 9253
5122 7115
8188 8950
8549 4969
1975 1654
5965 6012
786 6406
5585 4870
4342 7489
4549 123
7080 8713
6250 2146
6196 6556
2563 2447
5777 8669
3436 3488
9035 7939
6041 2711
2990 3141
4753 1491
4201 3962
3896 4908
254 7184
5123 8108
5628 5532
7498 8609
3356 4698
4908 7077
6222 1055
2993 8939
8227 7460
5983 2185
4597 3117
1414 5167
4621 6646
489 6627
215 7807
63 324
3814 483
6307 4994
2476 2092
8564 8279
1712 1059
1529 682
3976 4193
4900 3532
2186 8685
6150 3011
4138 499
9797 6220
2835 3626
382 7302
1577 1515
2169 5757
8123 3550
77 4904
4385 8192
5822 9353
7572 1296
9396 858
864 9353
269 1565
5128 6374
7432 5275
8548 3808
1269 6317
9865 7594
577 9700
2300 162
6376 6606
260 9863
4265 2199
8492 1602
7756 8722
8703 8678
9199 8385
6654 7881
8621 3855
6808 4710
619 9066
6937 1684
4048 1426
6793 1903
9225 6175
6541 1750
5944 3689
7373 5330
7580 29
5139 7217
7825 645
4808 6285
5134 4253
9676 4987
2530 3395
310 7683
3317 6658
7103 823
5104 2189
4451 3073
9924 7350
1798 6737
7025 1675
5104 6487
1869 6011
4062 1996
500 5435
1292 3182
2910 4874
2011 6854
4904 5687
2145 7182
1645 3029
5400 8961
3289 8817
6169 5846
3357 2291
6731 3249
3412 2946
8644 5113
9482 1259
4221 5159
6598 4008
9932 8735
3443 2042
9149 924
7450 581
3191 8034
5809 1412
9626 3064
3621 3215
6533 9504
3869 4468
5747 2179
6746 3305
8403 9144
4940 2164
5816 1144
7096 6040
2381 63
1044 4904
2797 5778
7615 7533
4391 9654
6373 7171
4384 7566
3310 1007
9881 6856
9881 962
9569 16
7741 1223
224 9549
1064 743
5060 5171
144 4057
3111 7694
1282 2852
2466 9206
2094 2312
2513 6211
8622 2299
8858 5920
8880 6249
6379 4628
4826 1257
1843 6656
7171 5940
2944 8989
4170 3510
3850 9285
3465 8484
9464 8811
4034 1740
4671 6193
5566 6881
6540 3796
2644 3385
3366 4977
3294 8487
5954 8890
1979 5088
1892 6442
6122 5495
9840 8430
268 2048
775 2339
6774 3442
1614 9024
599 8092
3801 5469
6196 7125
224 1142
9897 1376
794 7878
963 2043
696 8361
6848 6881
6899 984
4988 488
4087 2937
2462 8471
8615 7959
4287 749
6183 5513
3672 5935
786 734
2326 6628
9660 4978
6197 2793
3298 1611
6867 706
6988 7080
9416 7608
6098 8413
6186 8945
9329 1705
7774 3480
1684 703
173 3336
9954 1032
9395 6317
9958 5890
3088 3979
1850 1380
7949 9755
4442 4335
7166 6834
7680 86
6755 6322
6154 6709
5718 3236
7665 9847
5161 3212
6544 8027
6600 6988
235 5622
4852 8815
6199 3357
3549 6821
5944 9828
8402 7791
4962 1025
1652 7671
5893 9736
9818 4420
1805 7352
5768 2924
745 7411
9413 2576
3003 5769
5849 365
9573 8330
4900 617
5830 9734
9987 9059
3685 88
3283 3864
924 565
4490 8220
7991 4969
5182 2633
2046 278
9419 968
218 266
352 961
4625 8883
9633 2849
9102 8904
9060 8191
5694 9004
5146 4119
1389 8728
7524 7817
7998 8298
4869 5527
9314 2929
9721 7476
7811 2073
4644 8152
2477 379
6626 1515
7029 8876
8102 7674
3321 3449
6786 1005
5265 6074
5095 9103
6931 6171
9314 7640
1257 3014
8826 1871
3620 9035
2700 8913
7202 688
2606 2905
3070 5328
6826 5171
2748 5154
51 6681
7956 5834
4142 4141
9610 3142
1327 8754
99 9836
74 8253
4244 1961
506 1602
4947 2240
5297 4423
5574 3901
6775 8061
7026 9015
1341 6899
781 3802
3891 8261
4702 9986
3824 8195
3660 4253
850 695
7126 7717
289 7466
2914 9959
125 5815
5807 3751
3676 6461
8654 4180
2765 113
340 2368
272 5558
1686 5514
4194 5141
2525 325
2259 1720
4081 2973
1177 2189
3183 383
7237 2124
7786 8319
3400 1464
4564 8982
9340 7525
7696 4931
3997 1873
3418 9681
1633 1839
7081 4446
1729 8634
6314 7090
579 4443
7964 7495
2218 9562
7393 6662
4040 1292
3074 7520
9871 6142
5390 2390
823 898
5873 7421
5632 8684
4469 2914
2816 1976
4306 2565
3759 9702
829 9291
6218 5920
2689 8665
8144 3375
9234 6771
7664 84
7753 4702
3006 8491
8970 8856
1889 5520
1009 8596
3762 546
9238 4307
762 4112
1402 5175
6523 4614
4280 8600
6942 1722
3129 4353
4977 121
6946 4576
4321 5937
5139 8420
7134 861
1474 1815
4884 9574
459 1276
258 9878
775 9246
390 5133
8773 5849
7943 5138
8855 5291
9974 2845
4584 2105
6251 8736
7114 6213
824 3388
4913 3223
8107 7661
3777 5116
8507 7824
271 1196
2175 6107
8435 2928
5338 2838
7011 7349
2939 8990
1658 1498
74 8602
5651 4270
7888 769
699 4559
7404 4912
2505 4712
7057 5583
9057 446
2892 2359
8933 648
949 7564
1735 4266
8205 3828
6661 6534
7696 7944
235 4747
644 141
12 9650
5955 4676
7496 7700
1576 678
9814 7189
8513 9082
555 3293
7265 4827
9733 2279
6270 8417
9713 9971
2101 3786
3094 963
1689 570
7217 4599
6379 3594
9092 9346
3854 9540
9586 8287
9256 6739
9016 3687
9909 724
8624 6320
1473 7547
93 1402
2230 5467
3376 2389
7550 1871
6702 7231
3533 4549
3668 2025
636 5033
6289 8247
7205 3419
4647 2462
9707 8142
6486 5402
851 7322
3462 7532
7844 2268
2624 7903
5348 3450
9892 2307
813 6802
8668 544
1126 9431
6946 1994
3210 1410
3987 2178
2556 7233
5282 962
281 820
3707 544
294 9261
7961 1325
5079 2063
7744 6797
80 5812
9423 7991
7285 9083
5083 9053
945 7927
7974 9374
1214 6738
6206 7010
485 1169
8126 7765
9766 6980
5689 9929
4052 1899
1980 1992
6424 5676
7145 7804
4652 9759
3025 4580
4342 3443
6016 3613
768 5302
1609 3661
5432 9915
4186 5858
7626 1392
6053 3535
4396 898
2435 7906
2267 3529
353 4028
4957 9980
3201 9595
519 4470
9085 9760
8011 9921
5368 2159
2105 1127
6911 8637
6916 8272
8470 7258
7130 8161
7700 5929
6210 7091
3193 4057
1056 6172
1565 4723
5959 6355
588 3693
2697 1123
8477 6011
7500 1039
5292 4776
7121 1984
4414 4541
633 2625
6033 8457
781 9863
6363 7371
6926 6035
9909 4187
1489 5335
8029 9254
658 596
5956 2236
5140 6635
400 4400
7600 9061
7594 3886
2039 121
9656 9925
1950 1518
9233 8078
9865 1724
9399 4527
8760 2174
9012 3843
5082 3792
9504 8939
844 4951
9240 4613
4314 2418
5087 4961
585 2205
1823 7162
262 6826
6297 3594
1939 4781
9761 4130
2348 8433
9456 138
2886 6201
8472 6862
193 8982
8409 6310
8561 3813
7370 1872
6530 5760
9932 3753
1703 4779
9584 7187
7549 3482
9982 1888
7366 487
9338 8989
6747 3888
2794 4104
5767 9738
9379 3760
1054 4369
6414 7197
8748 1231
8599 6943
8408 7778
4629 6927
3325 9462
4610 6451
6622 7574
9583 7765
6685 8312
6283 8479
9298 478
7593 7534
720 5558
4656 7093
9645 5601
9878 1462
16 4442
9888 3553
9914 2267
9015 5299
7553 1752
5582 9622
7204 9641
984 3046
6238 1957
4896 8401
5329 7238
5328 805
9983 5930
9942 3266
6888 8411
6843 9631
303 8896
6432 3584
3820 8307
4628 8427
2288 2002
4820 9222
1420 8960
2728 1919
1153 5760
1883 9170
6872 7748
8638 2250
6419 7103
9717 6177
5759 6759
3613 3355
5848 1852
4450 1837
2077 8803
8821 4532
9984 3857
6 5534
7470 9224
4543 2754
858 3659
828 7225
3082 8404
799 2361
7020 2965
8581 2788
3831 8686
2417 7544
4560 4955
8779 8369
9923 2363
3042 5317
302 2579
9472 8753
9717 7966
1712 8007
7797 8797
8119 2998
7875 3383
4125 5360
9564 8063
4477 7841
3375 4744
8645 6358
5148 5557
9942 4322
7564 1666
2170 6797
8232 7660
6729 5955
3937 1773
2211 5753
2988 1175
6832 2530
9080 880
8571 6629
9708 2131
2770 4605
4086 1987
1906 7630
781 4349
6785 2831
8839 8109
1725 5736
9027 5532
9352 1141
187 4492
3742 3871
7883 7401
173 1820
3596 8240
6245 4111
3844 3748
5062 612
340 5144
3169 6067
5581 7778
2352 7197
6811 1003
5718 1112
2719 6350
5535 2257
3738 9112
8301 7704
8293 2030
4274 5251
8088 8719
4752 1318
7354 4049
3311 79
6383 2934
997 1285
4149 2061
5743 6922
8044 7158
6844 6163
6148 1517
5409 1174
837 1639
9902 8755
5187 3122
3837 4854
9510 4878
5849 8669
3665 2396
3593 577
466 9451
1050 1322
1545 8551
4219 3220
8917 1410
9854 3980
8532 2019
8256 9973
7696 2634
7180 3379
9029 821
419 7947
9665 7681
727 108
9200 9541
3254 5678
4405 4681
9948 4973
6614 5825
7111 6487
8438 8598
8506 748
4975 7556
3144 3415
5475 5968
9135 4191
5740 4557
5425 9261
3584 9228
228 2371
9802 9503
1486 1242
8763 6462
6629 9617
8131 5485
220 4072
4700 8621
8839 5205
7420 1854
9738 6587
1071 2889
5529 6055
6078 4760
9723 6596
7117 8010
7636 4057
7677 2704
4780 5649
6062 3703
708 5710
4877 7196
8070 3444
4455 996
8174 4872
1031 9307
280 1470
7155 3578
2085 6178
168 2662
938 446
2937 3501
4871 3114
9711 8407
8269 492
8595 1031
2193 5946
4143 6731
3694 5556
8397 4345
4953 6840
8463 2854
466 6522
3383 7626
5018 9609
8173 670
8203 550
4677 3913
6944 2069
9774 5687
6169 4841
1789 1788
1569 7729
1786 8796
9209 497
8323 8158
9352 8972
7729 879
4768 6753
3892 8417
2125 959
490 2869
7217 252
1441 9988
5247 822
2696 6908
289 964
5114 3624
3398 6938
1223 7716
7274 5983
5987 8023
6802 5742
7577 960
6041 9347
6573 5051
5536 985
873 2121
3372 7295
7389 3117
4104 3017
464 43
7444 4075
6613 6406
5019 4225
9348 6068
9635 2450
2774 2995
7285 9276
2812 2937
6911 1366
4193 9746
4641 7050
17 968
5544 3126
6000 7819
3240 3570
4858 3422
6913 2880
2838 56
1579 9748
8121 9292
9716 9650
3537 185
1250 3110
2312 3627
6303 8886
5703 1371
727 1183
9305 7013
7678 1857
3283 8629
6419 1995
7675 6131
7555 3863
3851 9405
7937 9313
3157 4438
529 1727
3545 9597
6767 9651
3863 3467
9821 8749
4542 9563
2123 1413
605 2727
8988 672
4660 6736
4520 1637
3984 3788
2001 7178
8050 5936
8551 5443
5181 8498
5724 9802
2100 3350
8262 1060
6425 4560
4212 6689
5890 6133
7629 3562
938 2271
6510 5537
1501 9747
1807 7767
8306 3992
7525 2509
7109 7947
8406 5098
1167 8463
4791 1897
8592 8046
9237 1274
8702 1963
975 7617
8136 8994
5797 2614
6413 3606
1878 1774
1335 4426
2394 2201
1630 8845
1283 8939
9364 3831
5133 8585
8186 1325
837 2976
7329 2228
8057 5912
6738 9933
9494 7549
9231 3983
9937 4944
9136 8978
5825 2893
1241 6290
1719 708
5409 4673
3037 5304
3176 9877
603 7087
7435 4377
6842 8721
9886 4298
903 988
9363 4365
5353 8988
2393 7166
9893 347
5332 8795
2225 1555
2780 4808
5813 1680
8462 1924
6523 720
8798 6140
3813 7906
714 2872
4744 5744
4015 7511
8594 2797
8532 5206
1517 9980
2859 3390
318 9704
2076 5170
6474 8923
9528 4755
2440 4316
6017 5003
5239 8503
844 7797
8472 1460
4318 8013
1249 1992
5847 6797
7645 217
4973 8151
160 5268
3597 1099
6607 3207
1680 9
5294 8585
7114 3825
5862 1214
9630 366
7169 7591
461 6877
264 341
8363 2802
9653 9011
641 3162
2302 1864
3839 287
9202 8092
6308 2508
1201 1323
116 2394
5985 3378
7716 6388
8069 8519
7960 2711
67 1094
3502 759
3876 9345
1778 674
4578 5575
2875 4296
5361 3721
2091 2048
5712 1315
1879 4371
6226 3711
230 8248
5314 1987
509 5871
9655 634
7167 5643
5579 2351
5317 7046
5563 4016
4487 4623
2998 764
4006 7235
41 4721
1806 9620
2914 3434
4428 1353
6542 904
1013 3670
4007 8315
3858 404
8660 5165
8648 780
750 7536
201 3961
9619 3748
5162 868
9837 1569
2355 9170
7699 2575
1578 4685
7684 1072
5639 3938
124 1947
2456 8735
7216 4663
2566 1774
5491 7933
7503 3973
9934 7739
7627 8990
7753 3205
2949 1189
7542 5136
8736 5588
114 4437
696 9277
5911 2609
3223 4001
7463 263
5481 410
6462 8457
9244 1415
1689 6574
4178 5347
3976 2199
8544 4233
2106 7520
8815 1323
9923 3929
9605 900
14 6239
880 989
8995 6215
8364 4903
6530 2437
5553 3540
6776 6693
6485 4007
3682 6168
1836 9247
62 3766
8347 5321
161 7494
1083 1581
6506 7524
8716 8762
2756 1975
6903 2328
8780 9959
3418 3089
7890 2453
2614 8901
6672 1245
73 3631
8210 2870
6709 5520
1295 5896
2093 2493
1007 4203
3561 7620
7556 3101
6742 7688
8400 6084
3918 6187
9275 9390
8807 8839
7323 1518
496 6442
3611 2728
5845 8410
6259 9506
4512 803
3702 6964
7453 1008
736 954
4665 5436
7231 6240
2515 1729
7373 1460
8895 382
2972 8705
3864 3508
9788 3050
4673 3969
4916 8060
1266 515
9816 4071
2159 9070
1017 8134
9093 3101
547 4202
9919 2558
2139 2067
1916 2452
4350 8705
6187 2452
8423 3025
9569 8362
2288 6358
7929 3018
2717 5374
9586 2916
7686 4785
4035 7994
6239 3886
8499 2520
2733 5124
9704 8107
3008 1767
6721 2160
8511 3347
3222 5337
3522 9038
3606 7050
5476 8571
3425 759
6419 7616
5613 9058
503 967
8362 692
111 1970
6157 8217
252 730
9109 6095
5561 8161
786 9482
8758 6800
4835 4268
4428 6255
9237 8049
6538 3357
9257 2683
4026 849
418 7648
3310 6026
6732 4
2392 3780
7343 3432
1387 7554
5553 7900
9893 1042
8141 8136
1810 1031
3649 2513
7385 5539
4739 7071
3575 7959
6085 3904
2571 6674
8978 7952
7353 7260
7336 2832
3472 9558
6575 1719
4353 5280
3239 2295
8461 715
2088 7429
6600 8941
4246 2771
4294 2779
604 9312
994 9815
8959 9769
1376 7804
3764 846
7754 1702
4730 4250
9022 1241
1154 1157
7263 2817
4793 5248
5859 7133
8061 6824
7249 1971
6017 1022
7699 3147
4577 3289
2691 9351
1504 9992
2438 4226
2321 2749
9010 5317
8694 2720
4676 8286
7316 9064
5017 2222
2529 3785
3137 4047
7114 9827
7047 726
998 9305
3599 931
8147 7425
8176 5547
1677 6867
375 9349
4529 1554
8637 7885
3948 5637
3579 1189
201 6695
4088 6597
5844 1486
9343 9272
9190 5563
206 4805
6885 8559
4950 3101
486 1146
363 1968
1401 1183
58 2916
8513 9611
6975 429
7504 7855
4421 280
7098 312
8547 3487
4376 4578
4837 2098
1924 2477
1903 4778
3473 2920
1227 507
5759 2552
1831 9194
3103 9093
3521 7421
7535 7001
8259 7608
9002 1614
799 9429
3884 2307
2173 8961
7463 1662
1251 2528
524 1011
5970 4298
8101 5874
8309 3528
8928 2911
6360 5999
6152 5980
1903 5549
5450 8882
3488 5633
1823 1931
1230 494
4542 5248
2461 5082
1521 2178
4685 7821
7928 5534
3315 4963
9215 1645
6358 6437
9798 3681
4956 9733
6090 3022
862 4184
1030 8355
5668 8531
2543 7385
7223 203
8157 5746
3946 3567
4351 7611
5376 8230
5971 3702
9230 2554
6563 3143
3346 663
1815 9527
8777 3517
1049 3504
333 6714
2558 9546
2403 6325
4453 6883
4899 9384
4246 9191
2119 5623
3889 2083
1554 8037
6697 474
4812 713
8682 3761
6495 2040
9688 1193
7869 7724
1376 8436
563 9227
8295 8058
2837 1784
294 2943
7869 2493
8422 2337
6205 6469
3904 45
2637 3420
8819 7639
6312 2211
8468 7548
1831 9352
7886 8109
1693 671
7327 8293
2608 9152
3478 1711
4286 9421
8336 1818
6177 4480
5910 3505
2722 3182
514 6096
4558 5259
8975 8179
1066 2574
2657 4968
730 3693
5399 4457
3925 5910
4038 3862
4816 3825
5821 6095
9999 3085
8742 9777
7451 1684
9618 7378
7854 364
4641 3888
426 5047
3968 7148
3329 2864
6363 4920
8773 7353
6608 3956
3077 997
3342 1024
2896 7222
3433 5180
3608 3511
5425 6181
1634 9114
9948 5856
91 4728
7146 7892
722 4587
4581 1704
5994 674
3280 5455
6532 9756
6676 664
6176 7826
5719 1832
3868 422
8180 8654
7836 387
938 3328
4501 6670
9974 9338
6898 373
2379 7299
8836 42
6213 1228
8377 9604
8798 6688
6093 3930
2154 1435
7243 9140
9154 2237
2180 5338
9331 3971
1919 7042
1806 4575
493 4566
6345 2352
1117 1433
2609 9302
6041 8992
8588 9912
6339 554
3905 9050
2502 4163
2657 8709
824 9143
8020 3178
2416 5821
4974 4383
3527 5837
2823 6845
2654 7639
3021 3186
3825 4346
2205 3468
9809 2726
5499 7872
8024 7510
3442 9448
2237 3504
8994 1529
1779 1262
3210 405
8191 7634
8442 2522
6045 1426
8772 6516
6280 8798
9266 8392
2182 9975
1789 5053
6074 3209
8963 2073
5614 7444
7833 9580
2045 5457
9208 2217
7634 8794
1078 6303
9296 9979
7103 1109
1118 7360
663 7537
8952 575
6472 8744
6897 3054
5268 2106
7853 5341
5267 8
2876 3548
2338 1036
5586 3403
8279 9651
3773 1390
9635 4954
2201 5445
5902 44
8975 9128
3820 8769
8464 7049
6847 9503
6165 3233
5825 3176
1787 4499
8051 287
4115 3424
7260 3155
4189 7378
9546 8587
78 1503
4842 2738
6278 4334
6296 9180
7107 60
2268 6511
1320 4904
2600 1322
5361 4558
9469 5699
9501 8859
5937 6709
8337 7735
3900 6784
1396 7163
4095 3344
5116 2597
7948 5516
7120 3516
6492 8615
5633 3336
6875 9318
7771 5841
3803 4170
9918 4879
4517 5727
1519 9781
1945 4785
3080 3013
6891 9573
6100 491
5299 6574
5877 6285
6618 1297
8792 2136
9648 9849
6562 9951
5532 1237
635 9370
2786 7003
5251 7709
5208 7244
6355 7561
149 8833
9122 4659
8700 1584
5928 283
4808 5772
6112 2647
7557 251
9793 3083
7004 2123
9111 8405
7519 835
1426 5440
2330 8239
8448 3319
2185 627
2956 2954
3532 7065
5679 6478
3368 6064
7922 6317
8753 3748
7178 5506
1692 2076
1436 7268
1116 7347
5521 3356
2702 3478
4115 1197
699 768
8513 6259
1247 7984
5598 5064
13 2566
5267 410
8860 5571
9765 6734
7964 4810
1699 2052
8522 6443
3853 7733
9404 5125
7507 826
1219 2345
5349 2481
2024 2824
5494 8062
1955 6294
6344 358
8859 9121
2486 8016
4504 9881
6380 7049
8767 8365
3958 9138
550 5323
3396 8269
2776 7237
7743 9373
1220 9399
8216 4955
8397 6432
695 2741
365 3708
235 3476
1876 138
5040 9119
850 8340
9334 9175
6572 5133
5380 7422
5321 8913
5582 2299
5987 6908
9686 752
8223 4294
2106 4396
1076 5507
4923 7190
5005 6479
4465 6353
5533 4960
2536 8249
2058 3546
4867 4590
5706 461
9126 1492
5840 1164
6720 6464
6293 6553
7604 7488
5904 7060
5891 4510
3660 3259
9795 8619
1920 4445
6698 3181
2123 5759
3336 427
4501 3010
5933 7611
5115 3347
3001 6888
4603 2881
2923 7773
2391 4634
9781 9653
5970 7890
9864 3361
758 9807
7664 6405
4283 8759
2125 2452
8643 3261
1482 3709
6775 8302
4915 5524
5509 5640
3220 2815
8589 2139
8495 1680
3276 5510
2302 5118
5015 8164
574 2232
27 621
5777 7285
5985 9720
2137 8019
9368 8734
4441 5
2623 430
335 1068
3722 1543
3357 5182
5054 1742
2863 4757
8569 9026
5044 5126
8657 2681
9973 5246
8520 6063
4572 1082
1945 3854
9574 8539
7648 2181
9410 8671
8020 8033
8525 946
5373 1105
6328 8286
6225 2664
8208 6675
1140 2958
1868 6806
6757 537
6327 277
722 5219
9484 3728
9730 4481
4839 5237
1857 6243
8310 2411
3965 3110
6619 1653
1759 7468
9846 6062
9629 9228
4051 831
5372 8790
4798 6386
569 3086
7882 1253
2426 8923
5045 8951
5431 6229
1666 1794
3431 417
361 2877
3751 1750
393 6497
7323 8892
6900 2159
2470 2256
5253 2373
7950 4856
3912 8207
6793 6040
3877 2955
7947 7294
1946 7791
8023 2248
4469 473
1427 3897
533 6780
8720 4244
234 5240
238 7531
3033 5373
7743 9803
4628 8610
4839 2091
6536 7126
7479 4198
5257 2870
8219 3895
7802 4788
825 9880
4541 9368
7382 8649
2661 2786
7672 6599
4929 1645
4388 1089
23 7075
4604 1365
7625 5407
7637 3797
4854 5403
3633 4573
4549 7445
4682 5951
1293 4808
2000 2977
3507 3317
8676 9661
9944 432
154 8512
9415 853
2099 7772
8487 6408
3522 1617
4091 7202
8394 8680
697 9444
4461 554
2541 483
4455 272
4944 6672
3869 7180
7476 4314
3242 1201
6815 561
1228 6928
899 3274
8263 4391
825 1155
5036 9062
2164 3977
4698 6478
7014 7284
1377 1289
6373 8904
114 4918
215 9567
4318 178
1492 9145
6130 15
481 3578
9039 9158
2969 7674
2585 8299
1642 5601
5296 4350
5973 1231
3937 7174
7951 4391
5975 7322
7098 9804
6098 9434
8893 2250
2681 5605
4740 2438
7912 3648
3375 1478
1185 4095
2771 8361
5802 1731
6419 4977
8201 403
4677 2254
860 7553
4066 4166
9879 7596
5526 4498
3851 4654
6398 9861
4009 1797
957 6610
7959 6200
5374 7103
8253 8122
4105 1620
1219 37
6480 8919
759 8956
2107 2011
2684 5610
1097 7883
4014 3295
4631 6515
9918 8125
6601 595
6396 1690
1861 3316
77 7444
7376 9333
108 8729
6199 7644
8251 703
6972 4897
9821 1799
4525 3624
7550 4804
2970 1891
2496 7760
8659 8956
3487 2612
410 539
4934 3356
6636 9235
5328 2612
6596 3763
3795 5700
1547 9964
9540 6055
712 4577
8074 992
5904 7709
1807 7558
1771 4991
5515 7332
6613 402
4313 929
6501 8518
6158 3511
2610 5899
3055 9987
4963 1871
3103 4525
7176 5292
3777 2546
9144 9369
4827 4038
7704 4499
6625 9837
109 556
5372 3695
3756 1535
1203 1542
376 5436
5962 4493
6974 8130
9934 3210
7982 4830
7399 5600
5556 9947
9638 9685
5150 3721
8635 3423
8825 1238
8889 8954
1138 1714
5896 8235
4689 6593
2659 5546
8370 3880
2237 4158
6020 445
1826 9373
9825 5396
1195 2077
4999 9990
2198 6418
8667 2832
4659 487
3891 7868
811 7921
6452 4799
1894 9525
6627 6408
4197 3064
9850 9752
7270 1091
8599 4617
246 2330
8439 2218
1438 7970
1870 4217
1666 248
8675 6899
253 1026
3429 3786
3398 8687
7962 815
3376 3610
3951 3343
5141 6275
2533 486
1858 1372
534 2826
3315 1608
5815 1607
1419 1431
5820 6668
6612 7183
5 7687
5527 8979
3778 2792
9072 5117
332 1213
411 4872
5257 6273
5389 6776
2019 5870
2599 9842
3362 1498
7215 5984
2774 2214
2774 6753
9976 2558
5086 8493
2777 3955
7690 4555
4370 4226
7336 6619
7331 2575
3294 7657
5 1208
2011 5277
3334 8253
357 4597
328 2989
2630 1527
1115 8062
7628 9861
2391 2653
4119 1276
8381 3297
2084 2733
7875 8068
8237 3711
1384 6423
7691 9437
235 4221
9078 1421
6958 1946
6187 7005
6891 3408
6685 3135
6498 2506
7061 807
7503 9125
8689 1583
4771 5308
1142 4951
5051 7214
1102 5022
6601 7538
5913 5031
2015 4249
1583 9213
3144 3190
4497 8219
4207 4640
1028 4967
5446 4024
5566 3930
979 7249
8757 9332
9876 2604
6975 9358
2124 1746
8187 111
1326 3883
2233 8087
3610 4732
65 3626
7442 3780
4847 3784
5040 1960
3196 8084
1175 8725
8816 4339
1764 6095
884 4417
1164 8267
2912 8475
4855 1147
1646 7622
5243 3233
8459 1441
5498 8125
6295 5391
8572 1122
896 9572
2270 9842
6292 5155
2940 5961
8598 2027
9424 972
2918 5326
7019 3683
5232 8159
9178 9549
4005 3948
9710 4690
6249 388
5866 1746
2668 7054
1500 8895
32 5535
9957 8226
8324 9579
9094 4172
6546 4133
4028 1145
3948 9573
1099 1526
7619 2931
6733 6740
2733 6163
6993 7764
8633 7071
986 9839
5970 7581
8596 7296
5681 1654
4957 8063
246 6233
7246 7004
5192 2066
6336 7600
4193 2965
844 6649
7796 3056
4473 1597
5485 3816
1044 1932
2780 4656
5271 2533
4780 4438
6248 5613
4444 5646
8364 5876
3923 980
7530 9749
1171 3475
6386 6748
5673 9599
608 7450
9406 7663
1995 3719
9244 7185
9676 6603
6748 1976
3904 3392
9630 2571
4117 7989
9327 5801
5457 7632
1340 3054
9556 955
8921 9624
4306 9722
6869 1092
3330 8054
2391 390
8836 2786
8682 2324
4336 1503
3751 5427
2757 1849
1447 7409
6967 8410
7206 2702
8131 9422
8534 5451
7347 8741
8408 688
7227 7500
8700 7897
9134 2012
3302 9453
3734 5150
4856 99
6321 104
6341 8210
943 5140
3508 5290
4146 9713
9462 4129
4507 7146
1689 6815
2373 6129
4492 5719
3685 318
6918 4675
5065 6970
5506 249
4772 6437
7190 6836
4264 6075
493 3024
190 9799
3444 3852
1231 5719
1183 7901
8172 4061
8957 1991
8894 2624
6485 4742
1959 1110
4253 7595
1213 3245
3093 1078
8527 3420
5877 6449
1106 1869
6154 7177
8645 4867
8719 9579
308 6805
8528 3775
1042 7135
9277 6553
7836 4346
585 5833
3409 6067
8310 1623
4107 126
2537 7987
156 9064
2763 7855
2295 5420
3443 1562
9630 634
9043 3012
4922 2890
7142 1661
4626 9897
1045 2514
2808 3245
2973 2743
8282 1925
5425 1153
975 2146
3110 2511
6679 8076
1044 2647
4887 1160
4960 1709
4784 4517
3929 8143
8015 2119
4991 5960
6562 9628
8900 3606
3595 2502
7761 5399
4986 4286
9602 4585
3894 2616
364 684
2076 2587
6770 3984
6301 1958
187 172
2970 1673
6865 473
4975 2690
8553 8551
6098 7718
7298 9372
2347 6640
1817 4090
2072 3256
7707 2880
2930 9471
2493 2104
6314 9022
7006 8290
1575 9984
2515 9699
1988 1785
8446 4582
3486 9319
9890 7460
6486 2086
6797 2486
5600 9656
9987 3892
9431 2348
3 660
2769 5815
3454 8197
2470 5884
1509 1921
5471 1797
4485 6941
2286 5311
4233 2474
7451 5414
4357 1814
8871 8084
2084 4403
415 8912
7125 4897
8346 5476
7932 7630
7276 8329
1203 5114
6763 5527
911 5483
1487 7563
3710 3711
471 4668
4591 6142
6619 7441
5429 9165
6264 2758
6481 1555
9398 4704
3324 9846
989 7038
7598 8793
124 9725
3882 8766
1279 8254
7809 1407
2919 1658
6703 8122
2803 5792
648 8525
8483 300
3491 5116
9885 264
6186 8850
7736 9196
7620 7604
9366 3679
7194 1782
4998 6826
6524 4988
4514 2408
6265 6914
6333 8511
951 69
2663 3746
5740 8918
9160 7432
3115 1775
4393 8312
4484 6442
1312 7394
930 4028
9871 4524
3501 6216
4197 2974
9989 2210
2105 8870
3848 1882
1087 58
2513 8585
9629 2495
103 3506
9825 2542
6612 9493
8570 2252
5623 6924
5099 8704
869 9645
707 6211
2638 9500
3363 8199
1307 7555
9902 363
4718 9954
7240 2990
519 858
7407 1288
7583 5526
1460 5213
5204 6023
1142 6459
4826 1900
7259 7106
864 1995
2536 8636
8139 413
9853 8744
4816 9215
1490 2910
3550 9935
6124 4001
8646 6200
9264 1226
194 2408
8147 7962
4789 1007
9987 791
8490 9344
5966 9226
6624 5737
3118 9453
9592 6636
6017 167
4507 774
7946 6363
9894 3071
5064 4453
9178 9590
7275 4194
4569 5089
7917 4272
5619 2272
4805 765
3252 1090
7085 1141
9815 1031
1141 6241
8270 6517
9352 7642
7192 9785
5241 8865
5543 8096
3658 1327
4952 1579
3587 867
9613 6791
721 5455
3967 6299
7817 8636
3123 7924
6818 4237
1962 5306
1387 6728
6044 5442
2387 5466
7716 4024
9461 2554
3117 2207
2434 8553
2579 7285
4410 2703
7907 4476
4735 8295
8040 6352
5443 3388
1355 4955
1119 8734
8842 5801
6822 3941
7821 1944
5179 242
5619 688
3219 2226
747 3075
3228 3369
6484 5116
8624 9588
5680 9307
1280 7614
7203 9207
8052 4775
2957 7352
9075 5176
3427 2113
6531 1085
3950 703
4155 7015
3631 9436
585 1511
9984 6082
3259 6699
3239 5492
3332 9188
3605 240
6761 610
6328 4661
902 1763
5269 647
575 6240
4639 8725
6533 2299
5753 2590
8218 505
703 3731
6043 8095
5650 2456
4385 556
3504 7222
8192 8602
8291 5250
8804 5877
4775 9876
7093 7752
922 3442
4 216
3339 6326
3814 6633
7538 6331
8288 1698
9775 4593
5669 168
864 6103
4566 5926
8816 5977
4670 8570
7065 9122
1845 9343
8447 4879
9042 4655
3478 4822
5735 5575
7151 6643
9721 7490
2249 5544
2384 3669
6058 5491
9871 5462
2795 7755
5206 6604
1607 6375
7870 6205
5275 4475
221 6792
5173 4603
2302 3257
8495 1260
6149 5409
1505 2181
6662 5016
7720 4381
5649 4052
1684 9825
7499 6027
5506 1227
5306 9534
2080 144
8552 6629
7358 2568
7438 4526
4161 3534
4296 96
4408 3283
2069 9666
395 6819
5145 4002
1330 9711
495 4563
1273 1827
3399 3348
8363 191
8428 9898
8261 9050
8488 5857
5421 4192
8063 2822
3799 2285
5010 5970
4398 7258
4831 4000
6382 3161
6384 5570
562 5128
9589 3094
2785 6500
7527 5018
7915 926
7305 8589
3123 417
5424 3988
4274 9046
6815 5981
4194 9153
9831 1105
228 2024
7957 5868
8762 7980
8497 4262
4342 9871
5094 5208
520 339
6783 1769
9469 6449
2970 3423
8143 7163
1555 3146
7466 3263
9265 8336
8567 7969
3967 157
5989 9857
5333 4187
2745 1510
8337 8126
7479 9300
7241 6922
2525 4067
6585 6487
832 9742
7916 4419
8834 7713
9803 9254
4460 1557
9741 9339
1313 9570
5873 8760
5883 1886
3545 309
1640 9890
5861 4522
4769 9411
5890 8701
5403 9933
5926 1661
7134 6465
7478 899
4413 4413
2706 2415
2721 3235
421 5166
5130 9646
2838 5066
7485 8419
513 4625
5576 252
999 3965
3689 757
1672 76
9149 7248
2270 6052
3219 2627
1090 6193
8600 7574
8288 4719
4185 7658
346 8518
4944 2280
676 7858
2592 752
3682 1546
7475 9129
7357 8614
1284 1014
2874 2168
7626 108
4259 4925
4787 7152
6711 2875
6645 5700
3397 6802
7814 4715
8544 9305
3400 8053
7197 2501
1873 6691
1859 6042
1926 6844
6846 1534
1112 1581
933 4881
6758 4003
1844 7078
1310 4921
5719 8428
7619 360
3007 1914
4164 1642
2460 1027
2042 1191
8253 6925
1373 4234
6368 5771
7948 4351
8739 5310
2180 9125
5217 399
4437 4842
5821 1064
5278 8743
9948 4992
6043 42
6209 5500
9387 3782
4681 5398
5918 4396
6005 3466
188 7601
6555 9448
6262 9519
6969 2861
3098 6486
6973 2396
710 4174
2614 5350
5358 9552
1456 2006
5855 7358
9609 1121
7418 5215
1829 7920
5163 4468
6599 353
6522 6659
5074 7
7713 2389
4007 8454
5161 8382
6136 5676
766 5764
6899 2037
6274 7013
6930 806
5158 4447
6500 9763
1735 5645
2516 3042
646 9355
4476 8148
1819 1080
7516 9906
1933 1065
2409 7562
4817 2718
6831 1129
9736 8157
1434 1739
9209 2526
1854 6366
6177 9517
9104 7033
136 1781
9688 6242
2677 4994
323 7948
7395 1651
8089 2455
2324 6036
4937 4087
7946 7294
3223 325
6953 6379
4981 7148
4506 5439
3112 1990
6317 2664
918 2199
25 4990
8031 4809
2494 2231
3141 3916
8742 4847
2309 2269
717 3177
2306 5983
6119 3729
944 6993
760 1965
4722 8838
3295 8725
5995 587
5761 6149
3873 1893
4259 9429
8425 4266
6152 203
1873 1005
6363 4960
2657 6145
4163 3916
146 9025
3323 8104
9949 8839
7448 5385
3712 8461
1306 5242
4324 6918
2643 5508
822 3377
2419 1551
710 9702
6454 6142
3831 7528
2333 1306
1514 3813
5242 9674
2148 8449
5164 5288
5301 5941
3261 1779
6670 7981
9224 8535
469 6518
955 4335
973 1805
8327 3197
9471 6325
5582 2533
1526 4628
990 7420
7058 7941
116 5320
3337 2248
7538 2835
144 131
3279 6054
7614 4259
1933 6093
2279 8764
1605 1036
3954 9375
5562 9552
3543 8822
3722 2712
2847 9256
1301 7611
4173 3972
9318 1989
5936 9621
8959 340
7015 8365
7265 548
7384 2463
3285 4279
2533 8262
1868 1262
6314 5258
4962 7892
4818 3569
9219 1908
781 3484
6036 8813
7451 2854
8630 5235
5579 4844
2998 8701
3653 4558
1178 5727
8166 7525
6490 4542
647 7900
3949 3820
5180 7671
2641 6739
1519 5437
4065 225
9572 7143
9902 2095
3088 9263
2639 2973
8721 8886
5259 7221
7790 8532
3120 7019
6942 7127
4031 5681
1497 6373
4833 9252
1678 5370
1862 3965
5198 9450
259 7180
8904 2102
7975 2630
4555 5632
2730 41
5651 6519
4062 5144
3185 7871
8809 8828
8489 7340
6810 3982
2800 1833
5759 1718
586 6493
5429 1005
4894 2087
8726 2123
1111 254
9475 967
8187 1774
5392 5540
2501 5460
2807 5281
5595 3960
1601 4701
603 6889
3921 8705
4289 7901
9374 8514
1629 9003
9063 9628
5916 8294
1099 41
1514 2331
4164 9433
8938 3076
6540 9860
2479 5815
2274 8460
6250 6704
182 9343
3098 7114
17 7676
5642 3870
5427 4967
9437 7898
7998 4139
2806 7388
4250 2519
9863 4886
1718 7460
370 3022
2960 9477
5524 5702
1970 7391
5673 4708
759 6415
5985 6868
5844 6850
3847 1628
3475 888
8437 2623
5445 2024
7037 3062
5389 9479
8704 6540
9019 376
4061 7524
5311 4488
2347 508
1599 3776
635 1574
658 5497
8340 9831
9138 2684
2313 4763
5013 9109
9308 5942
7058 8556
2336 2624
6785 6058
8981 8581
2824 7665
5408 48
1358 2032
2146 3443
5743 2006
3731 995
4607 6706
2606 7938
926 8948
3354 8198
3413 3635
7784 8241
4094 7238
2535 6304
1061 9175
4523 7269
14 2403
1220 6441
2019 3481
5918 8531
8627 1559
616 2424
3559 6055
8259 8120
7541 1728
9217 3919
3033 1283
5317 3949
402 7524
1858 1712
511 9165
6876 3044
6066 9777
7179 8796
8593 4384
8450 50
8110 5921
763 6057
372 6135
1069 72
1609 6096
8835 5577
8220 6933
9122 6614
4740 7420
6348 4966
8211 9221
2211 3958
6888 1769
2937 2344
2454 9192
4519 621
3668 4162
4692 2644
3127 6863
6353 9647
1086 1760
7377 5198
3257 6595
6820 3628
3634 8709
2901 6608
2979 4288
2246 1509
4581 7694
236 7088
2589 5624
8066 3021
7582 2617
5911 3133
9807 2528
9517 2186
9151 1875
9418 6287
4129 3946
6272 5748
2756 5111
9382 612
2687 8137
3664 2762
4158 2442
8599 1288
2853 9340
4414 7489
9625 6894
8464 8960
4325 5350
9199 8098
8127 2530
7729 8424
5195 2654
7129 8170
9482 6337
4737 5755
469 6731
7498 3889
3342 4696
94 4609
8845 4735
5420 5427
7184 8627
526 9763
1929 3530
9934 2633
4222 9521
9985 3016
9935 9207
6469 6391
6376 391
7242 6330
3180 9807
1497 3571
2932 25
8490 1615
5363 5808
6997 2017
9205 991
6285 1466
4461 1058
1367 8489
3324 5254
3619 8056
3927 9842
4943 1756
2418 360
9445 7899
3424 8044
8603 4696
1361 7858
5733 3999
8754 8100
3667 1583
7994 9931
8639 2993
1544 9534
2298 2132
3025 6476
2535 7956
4484 5352
5840 3080
9364 277
8040 380
8162 1176
4825 8984
7022 3277
5277 926
5609 4430
7007 5841
1707 7441
4943 1244
8549 890
500 5553
7038 1269
353 5774
8384 6582
4215 3513
8338 8687
3051 3313
6486 6186
9907 8711
1957 9598
1253 1466
1509 899
6198 1491
4855 8348
6009 6399
7163 8247
9207 3098
665 5818
5412 5898
5795 2221
7717 8567
859 8062
4358 7754
570 8748
7505 7619
4956 7516
8011 375
4164 4593
1766 122
1179 4190
5769 3349
9604 2478
5199 9168
8924 3205
2523 7496
2980 5472
56 3932
7991 6197
1600 5210
1202 4751
959 4637
8969 8094
593 4652
5700 3470
5349 1429
3251 6478
7331 1159
1845 9148
7275 7443
8995 8193
5299 538
7869 2303
3211 3909
97 2854
906 5436
665 9117
177 4123
3912 8112
7709 8434
3223 9188
7580 2167
5142 8006
3065 5536
7231 1389
9547 1159
9887 1838
5987 1705
6535 9690
3566 5769
3615 4757
349 1988
9941 7975
9562 8877
7436 6530
6708 9778
4387 3439
8154 4227
7490 8058
5027 5670
4617 3932
9940 4309
6475 4307
7518 3425
2600 1237
2557 6062
4641 6131
8920 1278
3063 531
3892 3616
553 659
6956 5384
2603 2371
2012 1885
9935 9578
2466 5605
6389 8676
1564 1235
1799 5826
5772 1147
1166 2713
2049 2210
4528 7391
1719 1330
1699 9903
8800 8269
3884 4479
5871 5495
7367 4474
7951 600
6949 6339
1667 4903
2191 9172
7143 1269
3821 1668
7868 2350
591 6971
452 9703
278 2695
348 4713
7693 389
9075 1201
2641 6806
9433 3307
273 3609
152 8931
1430 3707
2902 5613
8928 540
8660 7025
4815 3245
468 3426
6949 3876
8638 1424
5808 9330
635 1936
5709 234
8233 631
1546 4775
4748 8231
6399 5980
8074 4779
382 4549
6401 1914
3460 1996
7156 3987
3988 2319
8356 3912
57 7008
4910 676
7343 935
5105 4934
5028 3089
4258 5557
837 4657
382 1499
6902 9346
1734 8851
8379 6157
642 5803
5624 4084
67 6838
2174 2520
5625 845
30 1762
8993 6761
7247 7541
2248 4130
5167 4476
7458 9775
5102 698
9475 6849
6573 9429
4161 9783
9023 851
7537 9028
3417 4621
8559 6938
9689 6168
5187 2622
3919 2086
9423 8946
8820 8738
5858 9728
7528 9313
3563 9284
8453 1143
6455 7239
1170 9139
3062 6884
3361 1987
7108 7095
1785 5002
5992 5087
1941 2503
5635 910
8605 7285
9628 4148
3395 2629
2148 9038
4148 4557
5324 211
8117 9105
719 1952
9904 614
560 4545
8326 6860
9333 9453
1951 5376
3000 8039
5771 3329
6827 2151
3013 8009
26 9332
7274 8791
5567 5395
3382 9426
4917 2282
6036 3668
9196 1608
5904 4594
8318 2165
1620 1731
1704 2961
6339 5806
3164 5916
3763 4264
644 5865
795 3836
5524 9922
8939 5898
3027 716
3119 9831
6707 2271
8323 2546
994 5823
156 5110
8283 3315
2099 4985
3362 3612
5399 8879
2872 8724
2205 6788
4183 7663
5247 7100
488 3756
4669 9641
2797 9671
2786 444
5993 9832
5452 4647
1863 1546
6197 7646
5964 3184
3185 4406
7831 5617
8379 467
1523 8674
9741 6039
3903 4112
4082 2587
1490 380
2300 4313
7186 5994
8856 8007
9509 4903
8287 386
6682 9194
2621 6724
3540 4924
3602 3945
3066 2876
3291 4582
1106 3484
8829 3841
141 8960
256 6265
1471 3348
5288 4676
4367 1057
4511 8703
1848 8620
6720 3707
799 6850
7009 2374
332 9626
1767 7287
2415 5604
7362 3851
2403 3860
8600 3675
2310 4938
1816 7024
2437 4903
6627 5969
3720 8978
7351 3390
3056 4445
7610 5704
1114 4230
1456 9030
7855 9094
2705 269
4899 6694
2437 3318
8781 4702
1285 1051
6884 2738
8997 525
2508 8830
2194 3092
9826 3531
434 5304
6085 7404
4158 1793
9556 9514
7367 7081
706 5802
5888 5495
8350 9339
8539 4529
2986 9827
3474 9110
9911 5965
7023 5597
3250 3326
8907 7101
6101 2273
6478 1018
8332 708
6075 6538
9437 3624
8655 6548
8560 2178
4514 4840
3888 6064
8960 1063
8790 6811
8144 3079
8789 8682
4071 7817
6415 230
367 6777
8504 1548
1646 6583
291 6535
161 1637
2932 5013
7602 2750
1972 4693
5038 5208
4094 749
3840 8807
6367 9100
5647 1615
9112 4818
6694 7273
8738 8932
4236 3693
1428 8871
3930 1911
8660 3482
4183 6645
8803 1800
2244 8625
4949 496
9938 1851
9755 8998
4603 8505
2411 3171
7795 1069
337 4033
9275 5411
5499 2800
5187 5059
2962 6653
5512 1515
889 5763
2405 7945
9563 9223
9894 8712
2128 2600
55 9784
669 526
5444 6240
6989 7412
5585 128
5333 9321
798 3879
2633 157
42 6120
2730 3874
149 8378
7505 7772
8011 6842
6373 8828
7025 8530
4936 9506
4211 189
1705 5292
7158 4316
8565 7478
1955 8195
186 4329
9741 68
9402 1463
5399 5069
4242 6305
322 7408
8439 7954
7273 4173
1875 4541
2091 7702
3599 7438
4240 452
989 3914
2504 211
8799 3268
3682 5984
4611 3237
3694 4860
8891 949
97 3357
6469 2386
7986 5401
8415 2791
2219 2231
1442 2015
4192 5274
683 8472
1642 6274
5671 7250
7721 2766
6413 5664
9090 9897
7285 6321
6141 523
1089 933
9807 1095
11 9435
7246 4105
9975 5917
8363 2029
9080 7362
1125 2623
7929 5036
4944 9389
6405 6186
4738 2667
482 8757
3940 7655
380 1299
1223 2658
4029 9140
6420 3136
8 2401
7774 5780
3662 1885
8095 2301
8788 2326
7149 3962
7360 4341
5292 6643
5991 7676
1703 3436
2759 6431
1837 3680
577 155
9688 3008
8113 2157
2201 5932
9973 9753
3398 6098
4943 4103
9882 8247
918 1164
5081 8845
92 2720
1198 2985
9729 5516
7314 1368
3476 3517
6094 4280
8543 3937
5625 4089
1005 762
1935 2291
6268 9794
934 73
6711 4517
9690 5780
8930 8536
1579 2467
9425 5929
6408 24
9339 2518
5278 9977
4046 5714
8590 4444
8591 2334
9932 8499
6492 9458
4742 1954
5653 517
9397 2467
9735 7473
2617 3988
1662 6757
8780 25
2389 6108
7315 8349
3746 1649
1248 5788
8496 3827
9691 2463
2362 3521
9037 3624
8982 8724
4400 5579
6411 5760
9009 3434
6347 1266
1871 5510
8151 5883
3652 7076
1915 2922
7148 3283
8245 2870
1757 3808
1487 8129
3081 991
3684 6743
6340 156
9165 5224
1184 3016
3624 3322
8421 8330
3447 9832
6773 286
979 3782
1344 6174
2483 353
4191 6906
8288 651
4937 3845
5648 4249
7571 8070
5378 784
5520 9165
8049 187
1143 388
6824 4556
6079 4591
2843 2346
3711 3601
6597 9153
1490 5926
898 8677
5284 840
7920 290
6449 9943
4902 1194
5185 3782
1096 6984
806 1179
4330 174
4620 6812
6877 8832
9561 4254
6244 27
4558 2448
3749 6626
7252 8538
4108 4909
235 7920
5107 5584
9491 6383
6086 7692
5158 2433
1947 8617
3128 3446
5670 1391
3352 8360
759 8273
4174 7467
6181 5745
8323 5173
5867 2640
227 9712
9388 6027
3486 1178
6541 1417
9905 8223
7132 3736
4781 7905
1900 4745
9206 3520
7048 319
4519 9960
6933 8415
276 3884
6672 1212
2902 9999
6644 2347
3305 7986
2783 4560
4075 6462
6788 5362
6 3952
4303 9154
1939 4685
4423 9073
6944 3612
3114 9063
7994 5532
8515 6403
138 3775
9747 3200
4826 7809
3245 9168
6181 3141
5707 7577
6281 513
6628 1953
8386 891
6464 1083
7199 6793
775 5552
4197 9581
4425 2518
9062 987
8462 331
8660 8348
5646 2783
805 9522
6093 471
9298 2972
1047 5148
9859 6908
3734 2810
2739 2673
6093 125
4462 2940
5121 9531
4053 1476
5110 722
8436 2511
1784 3342
9290 6749
8358 2564
3309 2587
9474 6322
9408 6693
2231 7879
7120 5896
6415 4601
6019 7687
735 931
5535 4940
4122 4292
2997 9751
6031 5846
5238 4545
9217 2047
2124 6351
6692 6619
8008 2358
2120 3932
9227 4347
6356 2547
4677 6212
6893 4564
6719 3932
6005 8640
889 1117
2656 4603
3821 2212
6702 9546
2771 3654
357 2254
8338 7341
6218 2005
415 8669
9232 3112
8999 7878
4857 1685
9938 7331
9824 6945
3798 406
5493 9521
2979 7943
2222 586
9227 4422
984 5577
6874 9032
1139 6847
9716 1287
4854 575
6974 47
9144 4023
6005 3350
7267 9242
5318 3153
5811 2626
9227 4321
4532 9376
4356 8974
3266 2561
3873 5011
8369 3922
1631 4802
6635 2584
7655 6395
7600 827
4682 4022
6282 1102
6672 1647
6805 6531
2506 6301
6937 814
7650 7951
2992 7439
4286 4
9952 2491
4336 2458
3260 1672
7733 661
9668 8233
6544 7124
5717 2004
1722 8210
9347 1271
7322 1827
2730 5492
6090 1373
5729 9421
620 3177
1927 1033
5105 9767
9981 4307
5749 8469
5757 4567
6429 507
69 7444
9441 524
4811 9312
7136 408
6205 9821
9939 6763
891 992
5927 2425
8258 5390
613 9417
2574 6201
1285 68
4929 4223
645 7200
3989 7992
4264 4663
3592 8657
8297 6578
2647 26
3306 2331
180 7627
3882 2086
189 1505
2856 4608
5696 363
119 1280
2090 4555
6731 1126
6132 1765
6872 7515
5613 4710
9794 1402
3468 1360
6565 4724
8935 582
2379 6259
9651 4027
3784 3375
7563 4173
5391 7238
5637 2383
6625 4583
5381 6727
4231 8709
5448 9905
780 2693
4013 4813
8218 297
5580 9594
7136 5221
8115 1327
6077 1030
2651 4476
3954 3647
9130 5908
1560 4367
435 8845
8256 645
2742 6178
8400 7058
4267 1512
6453 9518
937 1265
8860 9526
3763 9782
4458 4999
8192 8668
2591 7625
8756 9630
3145 422
6775 6229
9383 9053
2395 1111
9420 5586
1266 3886
7969 2405
1544 2088
2547 1196
6078 7116
28 5317
5514 1309
7755 5424
1297 8496
2587 1070
2897 3307
16 4980
9940 7289
7127 356
8454 2273
788 5263
6112 9774
7426 8329
3690 3449
5953 1239
3987 1842
9022 1394
9363 2620
8798 3660
4004 2720
4086 3155
2322 9799
1250 3416
6834 196
2570 8022
7577 8564
1234 8011
2746 3373
2311 513
4403 5576
6009 5879
764 7492
4864 4356
9153 2481
7785 9606
4891 1077
3003 6806
2999 2416
5844 6605
6081 1620
7943 3747
6541 2554
5533 9886
1721 3932
2198 3757
5870 6230
974 8771
896 6803
5338 3617
1518 4595
596 513
2848 7439
8850 7272
5016 291
23 9705
2130 5969
1728 8005
4412 2014
403 706
3215 4810
8511 9658
2195 7750
7886 4670
2981 7234
8061 1610
6098 2661
6084 1215
3759 2473
4021 8243
922 6393
1644 6995
4622 5968
2393 692
1896 9048
8307 4149
3540 3894
5851 9176
9638 1612
8614 233
6685 4279
117 1864
6568 4570
9097 2146
7207 354
8154 1355
2382 1219
3104 9111
8103 3774
9807 8405
5558 6328
234 2903
2971 3245
4811 1860
148 7930
6388 3483
1741 7775
2947 6439
9966 342
5372 4654
3891 2155
4413 6487
5904 1203
3688 1121
3158 4761
6325 3426
2176 5287
6429 1396
3870 1725
6541 2139
2335 105
3886 3122
27 2788
257 9032
5579 9844
3856 632
789 3670
8691 4005
4796 7924
5833 1880
4153 5216
2234 5010
8983 3048
3290 7250
6163 6711
9564 5609
3364 7101
9694 1737
1862 9442
6184 4941
3317 4565
9453 2736
860 2214
6228 7568
7563 8261
3936 8215
439 6351
3132 1168
6787 2471
8597 1622
657 4109
2465 2318
7159 3960
7583 668
4377 6551
7044 1094
9894 7475
5819 695
3997 339
7767 5002
3557 8791
2467 6863
234 3717
5095 6003
9736 5716
527 5151
9137 6988
403 2242
5744 6039
4391 1036
9456 9293
2978 1265
9286 2922
1008 83
6921 4916
6965 5411
8092 5420
5499 2053
6573 8911
7941 1524
7214 6433
7547 6887
8479 2745
4051 708
1333 4012
1269 5997
7953 6049
6548 9985
9746 9145
3628 7685
7362 1189
3965 8352
2860 465
8742 2069
8483 8389
7421 8857
4775 8844
6210 8981
4939 2794
6704 5960
7234 4559
5017 6308
9044 6074
6961 7295
4623 8917
9800 8154
9049 641
8638 5889
3184 9802
2015 6509
3730 8425
5109 5921
2987 2609
4006 7598
8838 2007
6950 9365
9347 9576
8775 3936
2929 4028
6962 6384
550 3936
4835 8633
3943 938
174 9118
4361 7776
7145 4174
2755 1305
3450 6144
3195 2905
2663 10
329 9941
1551 7428
9291 4864
6273 5217
8492 8439
3936 8760
8176 3508
8915 8044
7703 9543
6267 9142
344 1105
3948 1784
572 7932
6703 9394
6416 3659
2446 6666
7237 3100
6596 7003
3660 8833
2554 9114
7666 2030
1087 2034
676 1312
6360 1482
8563 2164
3603 1809
865 6732
78 1220
68 488
995 5563
9977 5042
810 2520
4985 367
6218 8722
3047 5974
9234 5514
957 5701
14 6893
1344 8180
7944 8490
6303 6874
1332 2720
4653 3308
3981 6558
3072 5279
5961 3668
5132 7988
282 990
6494 3083
8923 2650
3836 586
1898 2253
6592 7113
1497 9005
1438 1036
6738 3627
534 965
405 4923
2467 5559
4473 7300
5910 414
2113 6109
3901 2586
4924 3851
4595 5434
6162 6124
4370 9055
6950 7928
7937 9916
9707 5902
5667 2040
9968 5010
3105 3012
2808 6297
8425 3766
3590 202
8112 4792
4935 3390
5968 8608
6867 3170
812 1601
1026 1334
9530 3086
7214 1349
276 6242
5439 3291
4381 540
2623 1419
3715 276
715 3743
6741 3235
6691 6175
5668 6252
5638 4601
5632 602
1481 8373
2867 2025
5560 8316
101 1536
7050 5165
4306 1086
8326 3643
4853 4268
8803 9229
368 9991
4825 2372
2880 1413
9129 7017
1791 2254
1626 9466
8274 7772
9361 9803
8755 3304
1006 1797
8422 354
6305 3499
7005 8546
5974 3540
8581 1971
5444 7924
2384 4919
6935 7920
2663 9739
1091 1201
404 3981
5543 1317
3611 8751
3160 1469
7176 322
3651 9024
1112 6544
2585 9216
6170 3015
6320 3396
8134 8548
3142 1683
3225 1781
4312 7091
1065 2735
2954 1112
7141 7980
4587 1676
8709 2925
2534 763
9083 2530
1420 982
605 5392
385 8239
780 2722
6459 7083
1593 4810
5879 9607
5491 4935
5838 6899
4623 967
5276 6034
4831 23
4183 2990
6182 5490
3924 1617
9802 368
6771 3573
5450 5690
37 2577
3768 9137
5300 9109
3525 2241
4838 6244
8276 9886
5477 4398
9874 657
3637 6750
9274 67
161 553
2012 118
2053 8400
2995 740
2449 1615
3792 5253
7214 4785
80 4441
5923 924
9246 5576
7767 1921
2839 1045
2757 8326
1962 4163
3851 2879
9112 6125
6516 1064
9879 5962
9854 8290
5361 8069
774 8202
4807 8785
7061 1055
7435 150
9374 7616
8114 2614
2414 8507
7917 9909
