10000 10000 10000
1931 6463
6467 6676
6353 219
9238 2500
5557 5867
5473 6185
4190 2546
4729 9699
2761 6764
2370 2571
2937 8427
4362 3071
6199 3398
1972 9204
3977 2618
6420 5210
9772 8190
5018 8358
5711 1433
133 7362
3168 6720
8554 9872
801 1582
6700 4870
6695 3163
1815 3612
8374 4367
3888 1128
6757 7326
4373 1100
7792 6610
1342 5308
5521 3774
1233 7891
7656 8721
743 6468
1871 4512
4267 8801
7061 343
1767 8869
2147 2676
6243 6612
8149 8399
3326 8570
7321 8453
7082 6786
1026 1607
5514 1323
7171 3811
4857 938
1631 5456
1151 6597
8201 2396
2264 3922
1510 6696
2841 1076
7192 4393
3136 2102
4709 5868
8779 9960
2981 1762
2548 8358
8099 9019
6491 1988
3966 4165
8792 6660
823 98
3476 2601
5795 907
6469 4083
1077 2158
3874 5942
2931 3545
4090 4706
3877 5364
7983 7866
3561 12
1119 6239
4460 4815
8282 535
9370 1144
6462 9099
6857 7220
3354 1101
2384 2886
1366 473
4501 759
9448 3686
1102 6397
8260 8966
5865 9856
3126 8948
9005 6436
3613 524
6961 6765
7408 739
4332 1241
7437 7300
4893 3025
3038 3468
1120 8102
4995 8926
6303 2646
6814 3121
2903 6685
2593 2788
623 8968
5560 3117
3523 8027
9029 9046
6396 5266
3721 5646
85 2177
2845 173
6975 506
5133 7834
178 3171
8153 9692
3162 7425
9662 9348
2556 9689
9219 1432
169 8431
6412 295
828 9164
2212 5479
1981 7855
2696 6992
9961 5458
7388 3807
5357 4612
2413 1331
1633 1754
4413 8280
1075 7238
8181 9252
411 1366
4755 5364
5670 8449
9089 730
1699 2637
4371 6433
6142 3761
5002 5611
7233 5113
4227 9601
7007 6833
2451 9968
8621 877
8804 1170
8536 9357
3783 6231
2015 9704
2825 5662
398 9067
126 2731
5522 2056
4128 3161
4262 7576
9061 9126
8238 5769
2166 9875
1538 4811
7119 2333
402 5329
1674 1916
1172 4687
5057 4633
7182 3704
9057 1838
3181 1685
7576 1744
5449 5175
9774 8049
720 8708
9854 9709
1841 2214
8042 2757
3630 460
5368 3668
2674 6855
8296 4605
8102 8069
8010 1832
4565 7144
4590 3074
4875 1480
8757 117
1886 776
670 5344
3268 6589
8708 8374
3452 1833
9272 8196
1807 690
1245 1049
683 6583
9414 6044
6323 7216
8464 1596
7193 5138
9367 5125
4044 9344
6304 9023
7574 7729
2539 5103
7752 4688
4073 1596
9111 6662
6434 2469
2917 5879
6844 5521
5890 8479
70 6367
8231 2461
3631 5611
7999 7114
4063 1432
7523 3213
2183 9190
220 3485
2900 176
2968 4046
7913 5559
9399 7571
7936 9364
3673 6778
8618 6817
2174 3696
773 4930
9049 4554
3418 5512
6416 3317
3566 365
73 1472
5335 4313
8290 8594
5964 1695
7067 7977
9724 1738
2678 6581
3150 9408
829 5359
4654 9314
4032 6418
44 5974
5598 3942
7727 4335
2021 5924
6034 9352
8650 2071
5778 8141
3716 5683
9247 7774
3114 4406
5710 5629
2196 4138
1185 1115
8373 9763
9616 3938
4206 6900
2733 7575
6890 3803
8906 1505
7957 3830
2873 431
8449 3929
8093 4485
7756 2986
8021 4612
2368 451
2580 3963
8754 9954
4050 2260
1124 8440
1094 7496
4717 5538
6455 9814
9445 8107
2469 1949
113 1982
3808 7301
6002 9937
3417 5538
7934 2215
7539 2823
998 6403
8067 9957
3468 9359
9092 9005
6562 5324
2878 4427
1844 4729
9479 5387
5942 8941
5265 7498
4097 3980
9238 9408
1993 2011
3659 8757
6821 5493
8713 1688
6580 405
2007 2590
6156 6301
4215 8808
6820 4254
2753 8945
50 3034
245 8658
1725 6323
9726 8661
3646 3636
69 8375
1051 8641
7248 4155
7278 4476
7537 3146
2210 2514
8764 6948
7880 4874
1527 6709
6056 3504
7188 7653
2869 8946
1060 8409
7140 5617
6950 3973
6448 1772
2712 7823
1125 7321
2075 5597
8199 8609
4701 3245
2720 9107
1603 5616
3849 6492
837 4763
5303 1611
2860 4360
6737 4709
6292 3171
2422 9169
3824 2110
6725 15
9812 5985
3649 5016
3373 9714
4454 3675
8414 7170
1196 5468
4299 1677
132 5532
6807 4569
3717 7072
587 6974
9794 9158
127 7266
644 3731
4722 3367
3246 7158
2697 2973
5855 4463
1891 621
303 5249
6036 4285
4549 2914
1906 7788
8384 7818
5984 1827
3918 5303
5004 9446
3544 3550
8116 189
1504 4517
1280 6792
7089 8755
8209 7353
8401 2961
1779 4387
3151 6851
6343 1701
2292 1768
7656 9804
1659 6087
2241 5
2609 5822
7010 6816
4483 7891
5261 8892
5753 6173
3529 6939
5152 9201
4741 6714
2236 1433
8620 2470
7019 7981
6395 3645
8565 3140
6732 6697
5890 5312
9057 5029
3192 6466
6729 373
56 9581
8993 5217
5799 5246
2048 7129
4356 681
2196 1824
4637 9409
3717 5967
5387 4723
3141 9328
5916 4732
4296 5005
7120 1533
8312 4782
8184 8919
5874 2928
3432 8092
9207 1033
4360 4686
2967 1772
8245 4316
679 4947
6952 8341
1567 5747
7704 1950
1718 5958
3121 4344
7021 4931
5753 873
2084 4036
9891 1936
2172 355
4981 1978
2405 2887
9446 1105
7703 4352
3321 2233
9296 47
789 4938
8375 1552
3631 3939
8405 2500
17 6450
7026 5938
8298 2022
9282 6337
5826 4939
2612 6630
7185 2499
3885 5331
8747 3043
7292 8905
6777 5942
7994 4360
7297 2639
4081 3109
1505 6629
2898 2686
909 573
8329 7434
1766 6785
6897 8820
8401 3719
3239 6645
275 872
3738 4283
406 5532
7139 1772
3523 495
8325 5806
3066 2735
8109 1726
4206 5856
237 5063
9374 2242
7947 4971
178 7401
5937 5623
1641 1604
2122 2768
9396 1663
940 2319
3497 9271
3969 8370
966 1981
551 800
9846 5446
536 650
7978 7549
1917 6018
1162 4294
939 965
5546 1542
5604 6759
8126 6239
4001 6353
9337 2996
164 9237
980 9576
1900 4973
7065 3095
4960 7058
2513 443
3148 2450
967 258
1538 3884
4109 5180
399 4756
477 2229
1976 8079
1731 1109
5451 7735
613 1875
4006 7044
6852 4427
6319 9010
7643 2454
5829 1126
9044 6016
1757 3205
6345 6253
5867 4122
9586 815
3146 4318
6448 3117
3463 3624
4620 392
7026 2577
477 9620
7322 1244
807 546
1584 8615
5678 4182
5496 2422
315 4944
6988 8897
6713 5810
2081 9704
9131 7693
8077 8719
3776 8839
6221 7551
3772 5841
2617 2121
4201 653
9416 4575
2588 1786
4656 649
177 2081
8805 5776
7352 5413
1993 8343
5238 9554
1197 5674
6733 8415
7006 1974
870 2605
3162 413
5047 7313
2042 2262
1784 6843
9162 8006
4664 5900
8296 5851
9585 8492
3139 7955
6993 868
4736 2764
8556 1379
9736 5061
9269 6918
4960 828
5540 4932
8025 4787
3980 8449
3631 1813
9398 1629
8436 4054
6225 2034
2692 6105
4709 9590
4908 2880
1204 7497
9776 626
672 1925
5532 4563
5816 1178
3300 6687
6544 94
7272 9768
985 5969
3098 8781
658 6887
2546 3650
5205 9335
1090 3755
2373 2183
8047 9040
6767 9602
88 5347
5364 3816
6110 9680
9007 4712
9270 4252
697 8643
34 7047
1726 1986
7458 3946
4551 8537
7121 8979
6478 8910
9854 9369
5167 1820
9209 7316
2254 9527
8699 9041
1209 9452
712 1599
553 8944
7522 8246
2241 3440
9900 3841
2815 3482
6763 4098
1589 504
7295 2974
6425 1469
34 4287
1380 9144
4858 2365
4694 7707
5414 1274
8876 1757
1974 6297
2136 3473
8273 2223
4369 381
6554 374
2883 6890
8048 4208
5871 482
5374 5018
7804 1964
4730 185
884 3295
8391 3267
785 4885
7806 6661
7729 5265
4203 7698
7988 6462
5755 5764
9996 3824
3328 2888
3336 4952
7089 8124
5950 2562
8339 9435
4621 6244
6708 5234
5940 9437
6935 3741
6455 6575
9097 3482
7760 2553
8399 4672
3271 9272
2132 7225
3985 961
7486 9014
4492 9916
2137 6876
3858 8296
3309 2551
5115 6590
8511 4202
2844 2382
2257 2485
3266 3542
52 2290
493 7582
7127 4093
4000 3580
2572 3438
2384 6428
8253 4524
917 3440
128 4885
2878 8209
9129 193
9562 8918
1013 1049
7915 4957
8755 4395
8021 8030
2085 5722
2911 6870
8195 4209
2809 242
9228 1540
8453 9424
4369 2316
6776 2212
5281 3334
2078 6782
5001 3157
7528 3961
8470 39
2549 9402
6633 6874
8224 1843
1575 7865
7270 2482
6374 3764
4209 2460
353 998
662 2864
6801 5129
5713 3371
2480 5327
7539 4762
5593 5164
3949 1479
8830 927
8283 8710
1392 7848
3527 7808
6262 8210
1194 616
8376 4325
7445 1991
6163 248
5644 2790
9013 9326
1545 6798
2801 8924
2984 3925
7857 2593
18 1181
8166 2912
5765 6299
95 6667
2272 5420
2940 1082
8468 8377
731 8541
7876 2982
7351 7572
2088 7338
5810 8027
9679 8494
171 4961
5822 2969
2522 1376
1732 1667
6479 2882
4201 9452
9803 5362
4754 333
2840 5189
1920 9635
6205 1815
4269 2651
5171 294
4901 3551
6461 765
2075 9634
8737 2148
914 4232
2549 3490
5178 7851
3026 5811
8083 4450
8676 8226
740 6678
9418 6665
2038 623
3807 2011
6167 5500
4509 328
2387 1200
9319 909
5335 4828
5295 7342
2643 2283
2711 1592
2298 343
3327 2680
3101 3568
8188 153
503 2418
2315 7466
114 2972
450 7564
4544 835
7239 6309
1321 5190
4079 8179
6274 5050
8182 6466
1987 7901
7083 5491
6211 9667
6449 3219
1462 7019
4416 924
309 3023
4811 3640
8855 7083
7344 4234
7050 8707
2118 3233
8964 9523
4271 3617
3562 7991
6197 9549
428 6254
7121 2628
1418 7075
4783 6448
9473 8784
583 8705
4989 2467
5517 1996
5921 5014
8148 6268
2456 5679
1756 3088
6899 5783
1534 429
8262 8489
1904 8692
414 8284
4433 4056
8121 6713
6894 6538
3293 4575
2279 9858
5502 9095
601 1931
5450 3814
970 3284
3229 489
9111 6376
4472 4120
8303 5141
4543 3419
3242 8864
7657 5194
1381 9724
7390 581
6717 1169
232 3725
1588 1945
916 3818
9004 4547
7815 4965
9716 3251
5014 9780
3248 8895
1522 4714
7315 3970
7148 6262
8897 8920
2693 2656
9675 2155
6636 4703
6470 8941
1111 2327
2056 5932
1279 1242
2093 4057
828 5566
9642 1121
8765 1121
5130 7359
1200 368
7345 5094
9460 5867
9059 2847
6742 1262
5716 9547
8269 9233
3161 3906
8205 3410
2359 6162
3106 9612
7804 4433
9360 1577
3261 7477
651 4079
2651 9620
2822 3439
4551 6110
4223 1192
2042 2368
5121 147
9843 4109
6454 8011
3016 8046
6329 2696
7611 8557
6441 2414
9575 5643
1646 5542
6567 6930
7254 955
1169 191
9367 3215
5204 4075
3705 6864
2020 344
3434 4971
9541 4523
9735 5819
4650 8945
4688 9260
7847 5827
8100 4963
7274 5109
5524 1898
5866 980
4008 2867
9506 6334
4748 4191
7572 1026
952 3160
4945 9790
3445 3358
5382 878
3411 1124
409 2986
3738 197
633 7463
6946 8682
6212 5621
6463 6955
8867 4012
8375 1502
6419 7544
5046 3402
263 9588
2111 3398
4420 1247
9939 9435
4507 294
5917 1169
1987 3392
4845 7412
4335 8070
2277 3533
6360 2143
629 7268
8546 8425
4557 181
8634 4803
4548 5316
5978 4077
879 8335
3264 9211
5374 3556
8975 392
1645 9572
8496 8953
674 9957
783 6326
5525 4491
265 8220
7784 952
8332 4276
8531 6309
1424 2488
6986 3801
5094 2026
8020 7037
4027 5318
6086 4811
778 89
997 5504
1290 2512
5270 9539
656 7903
4974 1742
9851 9177
1888 9362
7907 4686
3608 257
7376 7029
7638 5501
4216 717
4559 4208
3776 2439
5979 8008
6320 4544
6166 9718
9313 7818
4589 8317
233 7087
4698 8814
224 9473
2822 2218
6607 2720
3687 532
8268 7203
1080 177
2484 3604
1748 4013
8224 6302
5810 3782
5737 9955
4502 8182
4120 947
6537 7535
7973 751
5520 676
5012 973
6630 4440
7069 6977
9053 270
4097 3537
3729 9687
4957 4859
3639 7518
5560 1681
6829 9176
7793 9308
970 6932
1604 1653
7763 8763
9466 1130
8834 5249
2235 2185
7599 8886
2285 615
8372 8051
9925 7970
1035 8198
7630 844
2278 2868
3492 5445
98 9053
6660 5770
7804 1388
7670 4208
3921 3575
4530 2223
1165 5973
5309 9493
5596 6117
4779 2256
191 9738
1318 3046
6789 8573
5529 8458
5130 1242
3218 2895
496 1600
6742 8772
1653 8663
1614 7180
9316 978
7524 6905
8813 6069
9910 910
6295 4209
3542 8262
5334 9522
7754 3102
9268 3999
2513 5816
6442 8819
578 1891
1506 1145
2774 4020
2997 4805
4904 5766
1321 4355
4679 6393
1865 4501
6396 499
6503 9802
2270 8326
6984 857
9767 8694
5384 1173
2402 9459
7719 5656
3676 3732
145 338
6024 2342
6014 4339
9331 8135
4478 2501
6109 1803
5845 9289
521 8898
9417 8377
1640 4427
1163 8693
7895 3940
6397 9479
1728 8197
9938 5268
3217 6817
185 357
5877 1478
8467 8167
3443 3386
3818 1216
8369 9206
2420 6395
7407 1715
8472 9280
8224 2525
122 955
6469 1907
4549 619
2585 9668
9673 5706
3455 2972
2967 3889
1591 9900
4309 1562
4004 5777
6112 1731
4266 483
4519 874
6916 6961
5643 1243
7250 2204
4638 7302
8018 4191
2327 8457
9762 4402
1103 5681
6902 3339
3046 8413
972 2756
4258 3560
6192 3943
9395 9702
3957 7282
8137 5959
9287 9039
1323 5239
5916 5053
747 140
1626 4077
1815 5191
5761 7926
5084 674
9535 3432
5050 161
8858 1646
3282 1206
7383 8363
9115 7629
7780 6950
9415 5796
8547 6655
2573 6740
4027 1203
4174 8746
3557 7266
6088 7689
1187 7223
5806 9196
8508 6747
1087 6543
6794 4269
7660 197
9209 5645
3324 8901
888 8629
5823 4708
9677 9421
7279 9101
5782 3419
9518 3640
2936 1982
2426 9537
8805 2897
5796 2798
7248 9835
9322 1454
2367 3108
1664 2354
10 2304
188 9928
6747 3583
3430 4948
7853 1849
4491 7036
8244 1300
1788 4287
5694 9884
7518 2430
4668 2610
9548 4461
8402 7888
4533 5399
1187 541
483 3130
9424 1898
5617 2930
5495 618
3093 3841
5619 5759
7287 7046
1797 3848
1391 581
7686 1108
5416 5190
7364 4315
2456 321
9908 3794
1827 7311
9608 5049
6505 1254
3807 7637
8480 627
6120 1368
8865 8415
4194 7716
8597 8663
8513 9457
1583 8142
1816 3902
9861 1776
5160 9335
6741 1959
2139 4383
4109 8340
6241 2853
1624 404
9988 2049
4055 3522
8948 1076
222 9116
3772 1378
3834 2061
4896 2635
9069 6900
2568 8974
6987 2092
37 7089
6322 2041
3882 3201
1668 2866
5336 8637
9693 443
396 3613
207 8982
5557 6462
8085 6777
6007 3019
3701 9066
6578 5231
7160 4812
7463 6543
5921 9768
9695 6272
1961 6034
2598 2070
7765 3421
8099 5925
897 9445
1174 6017
2426 2112
6154 3770
980 4665
5262 1679
3039 4710
1624 9711
7183 7984
9649 2903
8714 304
1290 2377
5082 2704
294 2629
4386 9969
4654 284
2343 2504
5885 7666
7460 5007
5329 9786
3800 4737
9687 6763
796 4886
4116 3772
4569 8477
1614 6667
9499 8329
176 8285
9152 418
3687 4380
778 3138
5339 659
4662 4409
7062 6899
6305 660
8891 8120
8263 2040
4584 5084
3775 6060
675 4533
1025 4439
9424 1493
8393 7985
7139 9226
8006 3346
3822 8891
9949 6759
2517 1631
7756 6920
1001 1359
9308 3858
4276 4714
815 4546
5387 1681
4764 8456
1663 4538
8319 4252
6 4865
7279 4096
507 4399
539 3297
5018 3257
5753 792
1626 9053
2748 5583
4559 1207
6155 1634
1906 7247
9424 8845
9989 4688
2834 6875
9519 5940
1611 7219
5620 2509
8764 6954
4458 7704
3342 7973
7272 4256
5951 295
669 2543
4057 4761
7552 1052
427 6768
9934 6949
7147 6908
617 2264
4674 4775
4951 6136
1315 926
218 1547
8351 1581
5445 8675
1624 5443
190 9182
8268 9765
2583 7991
2004 6510
3855 1261
5552 8088
3074 783
3270 1031
5811 8146
6967 8499
9711 7477
6970 1924
7685 9826
5388 5883
5566 3803
1467 232
167 5200
6303 4160
2549 6815
2999 1616
2035 6919
3140 1542
6982 8499
9016 8093
1287 6064
6498 4344
8638 6366
4589 5897
6868 8912
7278 7455
4444 6648
7897 2416
2928 6922
9522 9471
9311 2654
3643 1798
6860 8733
6052 8233
920 9309
6196 9920
699 9675
4444 6257
2426 8819
5458 3472
5178 7929
4535 668
3263 4457
6205 1401
9975 2832
940 9676
3739 7103
458 6441
496 410
458 7162
9623 6347
2484 554
5993 3993
1748 2103
1058 5
4303 2555
6771 4606
1314 4654
7020 9007
3167 9600
9054 7338
2328 7578
2065 2010
2476 2800
8276 5829
177 2010
8856 3943
4986 2452
1779 2127
2416 2504
7481 1272
6762 3796
3642 1490
7664 6245
5133 8095
5649 2981
8153 9907
9711 2255
7210 1097
4957 8034
1234 6962
7593 7799
5583 2099
7140 6604
1427 3219
9838 3778
5087 1356
3152 8880
1064 7388
6507 2998
2031 6661
2782 7145
7880 3664
5152 6894
8693 7605
1999 3312
520 2321
6678 9463
1189 9091
8998 6370
5741 5711
4837 959
37 8086
7385 4670
9446 4188
6530 1017
1406 7079
1654 8781
8726 9966
1503 8028
7784 1598
3928 7223
4757 6688
2538 3331
3643 5120
7493 6398
5729 7373
9994 8437
8151 8118
3845 6063
4565 9101
198 2860
5133 927
8281 617
445 9950
1480 3869
507 7445
5049 5119
5385 2905
7162 8549
2042 4865
302 7451
8792 256
2464 1084
7290 7279
3987 5457
9608 5103
8573 6065
4352 2060
3155 7818
1259 1510
6685 5164
2496 728
206 6167
2390 2656
2891 4184
2989 4176
1280 4444
7418 4961
8405 7901
6859 404
1589 749
8189 1708
9332 9138
9918 7330
336 6725
2673 3368
9294 1490
1639 6771
3465 3891
5835 7101
433 2877
2879 5343
3374 470
2122 3219
1929 6093
5493 2545
519 5010
9453 8321
1929 506
8778 71
735 2155
5072 5691
294 1578
1255 2529
8546 4875
2806 7161
4675 9083
7678 9922
8697 421
895 8188
3583 8428
3644 8399
4193 9829
4313 1544
2291 1152
7502 800
7190 1435
7599 9340
3284 3679
1186 4376
3442 8347
5949 1767
6303 9606
9849 7114
1753 8794
9577 8452
9294 6944
8342 9629
241 6938
515 2221
6920 208
9666 4466
6387 2529
5405 422
3705 4306
8806 3944
4822 2698
3041 7651
1789 354
6287 3743
3654 1360
6745 8581
1991 8809
843 2755
8745 5267
3448 4302
9932 2546
8946 5735
3657 9776
5206 7316
2121 5519
1923 8754
796 6942
9429 261
8535 8965
8177 304
371 8082
6033 4377
2916 3980
8512 3402
8069 9712
1914 1913
5129 5624
2203 6684
3712 8977
3951 2896
3058 9000
8861 927
1256 6313
3150 3493
1216 1974
7543 1965
6745 5436
2135 1377
4713 571
9723 2569
2859 3580
7249 7269
7635 5867
5134 7021
7399 6977
7354 8982
8943 1539
9344 5096
1403 867
8114 7033
1664 317
7253 8758
2695 8979
9120 8104
7777 5289
5439 4470
4998 1586
1523 9097
8461 3500
336 3674
6918 3349
2818 7290
6887 2993
2032 6491
8105 3525
7627 6584
3362 6815
8568 9319
5656 9882
9245 2699
928 115
5926 832
8676 3880
8009 8978
3904 4327
765 9748
3212 301
7150 2400
1907 4625
7515 9363
5478 1719
735 3674
5048 9254
4880 2272
215 2846
1059 8498
3255 611
6865 7249
7174 455
9959 981
2050 4701
6700 7194
6748 9692
9630 2013
6175 6679
9935 1457
9209 7767
5140 8396
7959 199
6 3716
6292 6143
9136 4346
1439 1117
7461 7994
845 4804
2280 6624
4066 4984
9855 442
6016 4891
5324 2370
8348 430
5465 8597
835 3176
6705 4191
8377 9844
7784 3236
6658 2478
3584 5926
2331 144
9130 4227
2871 1468
4715 2774
3322 6856
8638 359
4493 5871
1537 2065
8568 5728
1867 8984
997 4558
3829 6059
1989 6877
3973 2305
4613 9826
8001 7350
2516 1045
848 6505
316 3961
2524 5479
8861 376
1612 6970
5024 7496
1846 6351
6005 7868
9220 9429
6743 4257
458 9905
7417 1523
3791 1452
7549 3598
877 6836
2803 4920
1426 5320
8475 1232
2631 6111
1727 1719
6951 3224
4833 8675
4131 2624
6018 5142
7114 138
7836 574
7553 6068
3353 4872
4663 6498
9373 5078
9663 5063
8606 1960
239 2953
7236 5243
2425 4470
8666 8398
7708 4151
5267 4803
5361 6114
4557 5147
7033 8635
2771 3343
1287 1543
1234 7660
2126 1554
9798 7515
4305 4731
1538 2118
9972 6551
6177 8837
561 9219
6117 1212
2147 6320
6942 4907
8589 9715
8114 9348
8699 8792
790 1658
1147 6463
2987 3370
3448 6998
522 1879
7252 5250
6728 6385
4700 3750
5160 2607
6727 230
4734 9118
2740 560
4123 9792
5934 191
3226 925
592 3059
2373 9411
7496 2044
557 553
4899 1723
5127 8972
6597 8767
3695 5198
1639 6299
1147 5530
2298 8072
53 6496
8483 9028
6263 1754
1831 2492
5220 4809
2785 4174
2493 8296
9100 6744
3406 70
9427 3625
2967 8535
4775 6242
3775 3881
7885 4990
4627 9396
8921 3839
4390 1126
6059 1055
1773 3645
4236 9873
1057 933
6699 1162
4079 5619
7109 196
5988 9061
1578 5220
8522 5298
7721 8196
5217 395
3327 8975
3886 4685
4383 2465
1637 6505
7101 322
4433 3268
2316 551
4410 6599
8416 7295
7224 4044
5628 5493
3308 5544
9453 9957
5138 1977
6127 699
3482 3370
8081 8251
9353 2563
5705 928
8788 6791
165 3340
795 408
3887 6637
727 7298
3226 7111
2571 3911
8006 735
6519 9546
172 7058
3616 3938
1299 7237
3674 781
6827 9311
8469 2912
212 1310
6415 1694
5762 5350
7865 6854
3345 879
8850 1127
5206 4370
7673 117
5150 9938
8836 7780
4062 6740
1233 8016
9673 5366
3654 3852
6759 7920
2228 5993
8597 1493
40 6501
7120 664
3326 6171
7487 6758
3896 3175
2629 3476
1413 7000
4642 4458
9940 5210
1713 5110
8797 486
6896 45
934 6141
7791 5144
4707 3814
5230 2774
6825 4507
720 9663
3108 8502
2067 9971
287 7633
5119 8289
8879 9223
3449 9520
2328 53
4989 93
941 6472
6780 3949
4065 186
358 8995
1820 4279
8781 3436
7553 1959
1630 1855
333 5714
7257 2324
7529 8433
709 9480
1473 7014
843 9260
605 8976
2131 4620
2511 3570
2655 2846
8956 9088
1508 181
8180 1422
4765 1335
533 5031
6210 5185
3084 6806
9886 7598
6769 4528
9056 8921
4970 1267
7788 2538
6885 1531
4656 4674
1303 2508
6638 3179
8772 2343
9954 4409
3816 7931
9630 6535
2499 3789
4843 7640
5186 4041
3391 2627
9893 5857
3182 3645
502 4683
4033 5903
7095 9323
5696 5938
9443 8777
4113 6831
431 9933
5526 8600
4939 2744
2135 6798
7548 5742
9661 1086
3011 8403
4315 6002
7712 9272
8181 100
7683 9622
625 6738
1725 9575
6976 1495
7235 4507
8241 1240
1026 1071
1721 315
9888 5634
2029 6844
9123 9949
3205 6665
4308 7637
3116 8988
9227 626
3181 6410
1654 4396
7400 7941
5782 6292
8240 5974
1115 8172
1150 936
784 1937
8066 1515
8429 7029
2809 8324
2217 6081
8403 9375
3115 6565
435 378
9061 7461
3991 1616
9365 8179
819 3067
8901 7581
9846 9495
9560 9205
8350 8921
1416 9704
7368 5748
5756 2895
9697 5235
231 5503
2669 3672
7197 8506
3815 7632
455 428
7477 7938
2748 5977
346 9629
332 7579
221 9727
9595 8348
7999 8930
6645 8825
5674 6208
3292 4283
4092 3118
3779 8024
8857 7601
4135 6150
8376 5391
9072 4999
6789 3756
6121 1302
8134 1369
2138 7442
3365 7906
695 2799
9314 346
3763 5086
9833 8221
6416 8060
1343 6164
3252 9737
8343 7646
1402 4394
2012 2092
1444 8220
5117 8849
1713 8563
8026 7626
1299 7834
6113 9429
6470 3176
7188 4949
6621 9601
9982 1971
955 9473
9035 4726
2982 2943
3304 7011
6351 3726
4321 1888
8934 4317
7790 5236
7261 4031
7607 286
5684 7268
1383 5241
3013 1017
9379 5103
6336 3207
29 5382
3379 3737
425 3799
2170 1899
1493 4246
9964 258
3233 146
5298 7157
8942 1436
5880 14
6906 4307
5145 9046
9518 9262
4447 5515
8450 8978
7089 907
2475 4394
4027 7902
6895 341
760 408
3510 8992
7 7208
5000 814
4789 7436
5189 2784
3998 6121
5301 472
8682 7175
3252 5252
9640 1324
8939 9402
5858 4032
9805 5943
65 8112
2711 7103
3586 3468
506 9973
5677 1642
1269 3636
279 8732
6288 395
2121 8619
969 5401
8028 5827
9025 2587
2924 2494
5974 9964
2493 5600
6485 4000
9302 8692
7993 6454
7460 905
3005 4051
2313 964
4075 664
6354 3064
4061 2810
4078 7946
2500 6634
4689 3033
7886 9196
4954 3802
5382 7002
3919 4605
7475 4018
948 6921
4776 1898
2415 6156
2295 7660
7876 419
6769 2577
1611 8774
1805 1996
2693 6537
281 9818
6683 8908
790 5428
7920 3500
3114 4653
485 9241
4527 8923
7542 7952
1948 9560
3667 3182
2787 9572
8314 8546
7543 7195
5777 1768
3890 9723
4191 269
7963 4521
523 4192
8777 1874
7205 7106
4392 2239
1234 9522
5964 1611
2548 5620
624 3945
7070 2443
7017 2431
7699 6565
4294 8559
3022 2258
946 4247
1197 2209
425 5849
6369 7245
8345 9498
4997 684
3153 4292
4627 7054
7417 4959
6857 707
9582 9930
6179 4589
9697 3964
4284 9952
8724 8887
7379 8072
4583 1272
5493 2804
8320 7228
6420 6321
8906 6037
9813 9173
6739 3080
6362 3861
7339 2669
4054 1343
6027 4479
4830 4758
1456 914
9764 9221
168 8951
9550 9994
3621 9207
3288 6098
7857 5605
9866 4273
6468 4147
5721 8420
8175 2912
1805 8751
8587 3535
4785 4904
9039 6748
420 6922
6290 5112
5961 2780
6489 1120
1535 624
5954 2759
9870 3694
8830 1069
3159 7293
1943 695
9418 9514
6915 1651
1045 7957
3537 1267
270 6372
5877 6572
8096 8154
9705 2628
8362 616
9048 8993
6677 18
8508 1303
5335 3438
5317 7565
5528 4824
1547 7987
7013 6957
856 8227
9551 7204
7345 5653
51 9687
7305 6329
8025 9699
3438 6196
8684 5945
8021 4878
2695 8678
9765 9502
222 5115
1822 1612
7469 2758
2068 9136
2431 7765
2808 9357
1867 2483
3816 2045
4977 5600
3443 1919
440 5501
4447 8048
7813 8796
9581 4079
6985 8701
3115 3251
8893 5722
5878 552
8719 2070
4988 1512
3057 4246
923 1141
2827 6732
3883 8819
9556 351
4745 732
4495 3345
9947 7834
461 3362
2208 3065
9068 5003
7060 6583
5372 7929
7803 5470
4790 4491
82 8669
6171 1592
8866 5713
3104 5785
5873 3472
9314 3782
1365 2655
7165 8525
2031 8272
426 8173
4838 6966
882 8988
9585 9249
6007 9802
2041 8334
4457 4830
9815 2665
5447 7751
2016 6952
1089 4337
591 9470
484 147
1232 5309
642 1182
9549 104
3091 3461
84 1656
5079 4720
7889 5613
9733 9532
6748 3551
8596 4276
3613 6826
2786 4070
8500 1556
2544 3786
7776 9295
7137 681
3733 9976
1994 842
247 4915
7971 5213
2491 4158
3871 1031
7305 3402
5826 2965
6790 2139
2959 7869
7758 8173
6377 2489
9399 3670
5082 3032
3500 7813
8062 9244
261 5707
8730 1449
1705 7448
9406 8499
8751 8272
9978 7453
7063 931
3350 5205
7485 1075
6425 4124
1099 5923
76 7205
286 9142
6348 2730
1318 904
9110 4915
2077 2496
2501 9905
9652 6221
6301 855
9049 5295
8274 3283
649 2928
5934 597
3582 9872
1502 3836
6082 9813
977 1475
7981 9188
9099 9808
8929 2916
4170 1198
8538 5223
4558 1524
7309 1750
8706 1515
2858 2109
4522 9714
4409 2707
3732 1154
4502 2970
771 6284
8631 9257
5419 2185
1543 4259
3290 947
780 6009
8993 7744
303 1371
2176 6119
3311 7726
8419 2450
5106 2343
6364 2195
3530 9843
6595 3742
9823 2617
6792 9264
7007 4546
7068 2721
3231 8606
3727 8360
106 2836
4525 7275
6858 4616
6203 5191
7499 6786
7453 254
1311 2658
3698 993
9469 8086
5695 3402
1791 7544
713 3027
313 5250
7057 6930
4041 5564
518 3478
2132 9947
7942 5384
8211 7383
5964 7755
328 2853
1996 2814
5053 979
1255 4340
1733 262
3295 2003
9916 4455
6497 1867
9320 3225
2022 4141
9304 8168
9956 8174
9122 9386
7936 1649
6231 4296
7801 4484
1330 3671
7633 2165
681 9114
9785 3736
9397 8176
8589 3092
3947 5827
1475 1739
3162 7885
9925 7365
4038 4854
6791 8721
69 3707
1693 8587
9875 3807
1614 8930
9317 5133
5174 3230
7214 4106
9999 9985
4985 7597
7566 3360
8822 8331
1229 6575
9307 3193
3168 2043
2915 708
7601 7035
1251 1778
4546 1544
4265 1735
2933 8566
8567 5281
1061 4245
6254 9129
3739 7676
7685 9085
4453 7880
3936 8603
4011 8315
8618 3212
3947 9328
4786 1272
8370 5386
6236 7609
5948 2863
3066 2283
5883 1569
6001 411
5916 6396
4003 5567
9442 400
8082 7134
1574 3586
116 9692
9742 9310
1818 8807
2519 9308
2685 585
4187 8740
7606 7753
5879 847
8369 9117
3353 9895
7471 3378
646 1885
1981 1222
5507 141
3281 4048
9775 8272
9315 3331
9098 7608
5781 5785
9272 5085
7714 7303
8757 5944
2740 1934
4193 9136
5430 7247
488 4944
2180 8343
218 1108
2720 5359
9773 9923
1060 5260
4143 3631
7907 4688
7534 5301
5159 298
3184 748
8817 4249
5956 5375
7317 5922
3139 6656
5779 8594
6388 7720
3152 5029
3220 6821
6542 5802
1980 1124
9723 3204
2176 7417
7648 3449
8963 9164
7862 4734
9284 8756
1171 6359
7471 3700
2254 4433
4841 5014
5995 1018
8555 6813
7800 9468
6996 5979
4980 9170
6128 1461
7594 3415
9238 267
2418 650
7981 3802
4675 1190
1486 617
132 2995
8361 2295
5089 9383
3544 6951
8408 6519
7917 7268
407 2796
2313 9207
2955 88
6411 2644
3495 4629
397 6143
9697 577
1864 91
3774 6961
2521 7227
1761 3487
1469 4774
4954 3541
2907 8863
2300 5603
7101 9352
2377 4634
1225 9913
8523 1482
8901 2729
443 8978
4791 4204
7944 3100
4203 5387
5677 9349
408 8874
4650 3861
9619 9245
7959 3702
7679 9619
4625 1008
5509 9718
8130 1915
1239 2189
9616 2359
9635 2517
7385 4919
8764 6666
4518 7489
9347 240
2698 5784
6676 4756
9400 9998
352 5659
4408 3074
9762 4705
7336 834
2261 1843
9311 5230
2098 3262
8799 8122
4326 9423
309 3932
6809 9768
4482 9732
4378 4989
6879 5845
9465 756
4106 8016
793 316
2520 6790
1464 1897
1504 2736
2262 8090
4606 4367
9563 2417
6476 5770
2737 4778
4608 1077
3370 6095
3152 3426
5155 5572
4960 3835
4275 6880
9212 785
2405 7359
759 2450
2404 8766
8794 6469
8694 230
6385 3361
1710 7820
3560 3907
9773 7591
3323 5309
7758 6444
8629 2279
7054 963
3552 3014
1156 2675
7942 7091
7889 7523
3596 9885
3527 8785
8687 2388
7709 7616
8577 5698
7617 9630
907 8089
6220 8902
5813 5
580 5895
1570 5106
2693 8490
546 4418
876 3926
1171 7331
3453 7379
1128 8340
6275 5378
111 9116
6732 3045
2177 4239
9520 7070
9690 7791
5811 2090
7153 2451
6700 8281
7189 8371
6658 4974
2199 6230
5002 1599
5829 7346
6302 9419
7331 1362
2858 469
687 3868
8826 5947
3679 4995
3344 2496
4038 7969
1381 9430
1797 5632
5129 5369
3179 2649
6533 713
6806 6008
4207 3913
611 666
8953 9929
6778 8810
715 2797
8355 8687
9188 314
248 2505
2294 5735
8821 443
202 5236
9454 4729
8889 485
7399 9663
1487 1986
4069 1389
1742 9896
6919 6398
1830 3089
9732 7034
6586 6053
8648 2348
1505 7547
863 8375
836 3783
1814 1730
2770 7133
4714 8510
7790 8360
3898 4532
1031 8360
658 9277
3902 881
4591 275
1087 6449
9123 1528
109 8732
1803 6936
2306 3759
9743 9114
2979 9055
4618 9489
5571 3935
2448 9941
4853 4074
9044 6658
3423 5831
9608 4505
799 2784
9003 1482
6563 1050
7104 2164
5494 2997
2880 7497
1832 1939
8699 8915
6855 9847
475 8715
3966 969
794 9462
1931 6760
5327 7958
4668 3575
7362 3225
5003 2762
902 4331
706 4058
8237 129
3564 5086
3742 1858
9586 3706
6316 675
2725 2538
7038 4001
5125 7620
234 3122
5787 1356
2647 1236
430 3021
4411 1259
6922 313
5472 7784
3388 3447
708 9910
7259 4074
7972 9191
8881 8757
5024 1866
3752 4713
2987 8305
9084 3734
8662 2898
8293 1765
3333 8478
8208 3619
7882 2013
9354 8144
2050 7857
3147 3285
232 9714
1773 6262
3447 1404
3176 9754
4055 7405
4405 1878
2275 9787
2377 1262
8226 3716
2312 854
3721 3203
8516 1601
6539 65
414 3852
1849 9367
7802 9869
2140 6794
8820 4833
2508 6075
8116 3530
7514 9577
8457 1220
386 1944
4312 7809
5030 5983
1447 4399
5891 8224
3514 2346
7372 9012
9998 6100
7981 9600
8236 2215
4807 2286
8345 7176
6844 5789
7322 7297
4010 9427
9958 6966
7073 6329
5698 4676
3300 7498
5532 3574
4463 5381
2106 6350
1522 2603
1649 6531
6909 9577
2686 4648
9942 3560
4684 3990
1583 2760
6606 4795
7549 3308
5468 9658
8928 2301
6530 2373
8749 1537
2503 9688
6800 8497
465 3043
963 2617
5549 8432
5480 414
876 270
5907 3788
1459 89
1581 6572
4226 2231
4574 6326
9734 9861
3834 3614
1695 668
5693 6044
3792 5232
556 9579
8471 6166
552 3256
9379 4655
4118 3603
2183 7651
328 8936
335 1364
8836 277
6422 9592
9154 8416
396 2536
8997 919
4377 2761
8947 3483
3865 4630
1284 5515
7870 3428
1453 5871
2104 1329
8276 4397
5034 5629
76 3536
5605 7211
794 2999
2727 4751
8808 8478
8355 2289
3178 88
6926 9256
4091 5651
8648 4417
9230 4096
6770 2518
2617 1970
9918 4234
5663 7001
8924 9561
1029 8159
7312 272
8344 7813
3696 4888
6581 7519
2461 2280
6493 4226
4121 3539
3442 4402
6070 2088
5662 3582
2330 7740
2894 6922
5224 2058
5988 8153
506 7187
7118 5847
9423 5591
8372 207
941 9784
650 1012
4215 4880
6058 9242
9683 8297
144 4839
4806 1040
8271 6342
9639 3110
7221 3057
7009 7260
2505 7791
6977 7011
8360 6242
3605 9639
4620 5681
2675 7862
3613 2933
3694 1392
4295 6967
8552 7995
8336 8903
439 9351
7621 7971
8306 3848
6870 7414
5150 6577
8858 4913
7308 470
6037 251
2566 174
9768 4920
8426 6364
4563 4995
8524 5284
4342 5151
5874 6249
934 1755
6330 788
4812 3907
3238 7408
1305 2356
5879 1924
4556 2097
354 520
2072 5945
7797 9616
6817 3310
9435 9646
5085 6401
8435 7090
3353 9431
5657 2890
6707 7389
8364 839
4475 10000
5366 95
6022 7380
179 6129
9327 6083
1462 2250
7193 9804
7313 315
8315 7390
9007 8151
9 1099
5762 7188
4907 4099
5133 3679
6715 5997
5524 3553
2248 9216
5705 1453
7226 6786
5844 517
2575 5105
5447 5487
3118 2967
5134 3732
633 6999
4514 4372
4398 2707
6809 5496
4967 198
7959 3170
6891 836
6082 1759
124 9655
9880 112
7315 1567
870 4067
8070 2216
5528 3515
9518 8290
7540 3741
5353 1873
6917 2393
5377 9346
889 3338
612 749
1883 203
5421 8835
2475 6255
8655 3725
9695 3472
3368 8029
9318 3166
777 9433
1630 8352
8738 43
6321 3047
6244 4746
2059 2270
3885 8127
2044 6029
2866 9533
3696 2786
1419 7954
1820 128
7045 5953
4734 617
7647 1001
7556 9979
3371 3519
1705 5566
15 3827
1147 9414
8549 9916
7335 1051
4012 4252
3571 4379
558 3529
8493 8727
5726 5166
616 7638
965 2816
2943 8982
7456 8351
7861 9848
9800 7989
7995 3068
4999 6155
4875 4830
9017 5599
3912 8682
4756 8583
4648 2335
9536 2412
6842 5558
2804 3280
8827 7119
8642 1307
4651 2107
6305 8592
5222 3668
9133 480
164 4954
338 3069
2828 1345
3642 4076
2705 1092
9246 6464
6410 8789
1586 1412
3296 8650
1015 3119
8857 2396
7852 1085
1165 7481
1957 5453
4377 7674
1053 3739
7770 7901
4942 7336
3651 42
3811 9296
5579 5402
1865 8107
7268 2100
6164 3741
7349 9133
3047 3629
1468 8630
8316 6512
6292 5953
2381 3999
3235 5885
9688 4158
3022 9878
6176 397
3984 248
2915 7772
3662 4783
9256 6352
9984 5314
4901 1509
2413 8854
114 7983
8693 9196
4262 1669
4798 1478
7550 563
5291 1356
1936 9751
4202 6749
870 3896
6823 6319
3818 2886
7782 1324
3932 7054
6382 7794
9669 2031
2766 4759
838 6587
2884 302
2729 8567
6485 3741
8374 7748
3651 7927
2496 2399
2926 9507
3811 8165
1376 4432
5918 6786
4717 3465
5901 8260
2152 503
4131 3994
7799 3072
5702 6563
9490 4217
9760 5030
2298 4770
3388 6637
8382 1730
9086 7202
880 9030
9331 4332
1329 2874
9645 3881
2327 4853
920 1488
2420 2462
820 26
5635 3957
5587 4397
1495 7469
8951 4696
4038 9544
1710 3943
2656 2524
3737 6321
7572 5616
6116 6235
285 2555
8741 9570
8145 3671
120 1463
1779 5302
4240 5989
8465 6582
3129 2105
5063 8474
4389 1176
9527 4902
9883 3797
9966 2684
4060 4357
5575 5684
6239 8643
5209 5213
5771 5584
8167 4491
4212 284
9687 7583
6236 9418
9307 193
5728 3734
1375 4271
2228 2532
7763 1165
4463 5514
5552 8964
8253 7718
2038 4088
1216 9893
8380 8893
6659 5847
3583 5175
4982 701
7501 6656
3180 2261
6531 4079
9217 7443
184 6845
6287 2836
7432 6466
7345 5597
7979 9600
1581 3049
2715 5574
5659 8933
3277 2722
6206 4060
4310 6076
1543 4151
874 463
9142 4247
5306 6850
5925 9005
2807 3773
7233 4139
8549 4919
9302 8850
3083 9744
1979 8935
5499 2415
6777 5784
1009 4714
5973 2060
5039 6993
1094 6593
883 9047
7920 7341
6839 1851
4596 2272
5604 7218
5391 2584
7103 304
735 121
1087 5051
7410 1508
2825 8761
2436 2109
560 3972
657 7613
4854 9031
3323 7121
5792 9694
5944 4731
5944 2799
7314 8321
551 8503
1004 3542
347 9927
8402 3095
8488 8056
1430 666
7169 1975
8349 627
7083 7911
6583 1447
667 2223
1704 6613
3003 8385
2723 8936
4366 1651
557 2294
7388 4401
6380 3120
3773 4036
6757 441
2397 4808
3242 3842
5467 2137
7983 1335
1109 5500
2685 6662
9693 7009
4824 4731
3853 9399
8939 3744
7656 3084
737 7368
1331 6971
5043 7623
2471 5287
4177 5243
643 4171
3042 6988
951 2343
6735 6248
765 6200
8645 8104
7343 9790
385 262
3945 661
3039 124
9289 1640
3230 8681
910 6459
163 3917
9795 2908
6013 5057
210 7546
8776 2555
5310 3593
3069 8712
4260 9562
1519 2441
8176 4387
488 37
574 684
731 3513
5190 2604
4714 2364
313 124
3695 1587
5114 9963
3893 3525
4740 4662
8209 8031
3942 3827
2239 4884
3882 9676
460 5206
7589 7167
5302 3444
242 215
7694 1868
4026 5768
4915 1582
3260 8664
2432 1711
2204 7543
8807 8261
7746 85
3674 6899
6528 5922
4769 3488
8593 1895
9721 3797
7162 582
4791 7860
7436 685
5148 1869
2837 6503
4532 1709
6456 5295
2777 7111
3212 2550
3631 1049
742 2718
1621 351
1576 7622
2946 6025
4923 9646
4272 6304
4880 1819
5475 2509
8175 2086
6348 3114
2679 1684
1086 1915
8717 663
7347 6822
4654 1008
3546 7294
7248 7930
1902 1601
3230 966
341 5251
1971 1057
963 9909
3829 6849
9342 233
3734 2719
4900 3265
1548 909
7438 3834
9335 1334
9271 6471
6446 8882
9764 8851
560 9518
8460 935
7724 9993
5463 4064
9815 3764
1247 2720
5826 9771
8796 217
9246 3389
244 463
7892 2277
7878 9287
2521 1441
7305 1300
181 1908
2448 9740
9924 8262
8208 4679
9316 6697
1909 757
9100 4374
1659 9551
1672 6021
5442 2221
6887 5964
9052 5941
2068 7312
1064 1636
4509 8910
9657 4880
2480 4157
1172 4138
1541 965
9991 8305
4484 6286
2305 9613
8986 444
3100 4778
9717 2104
1039 707
3855 5343
7519 6235
6061 3487
8561 6863
8454 1247
3533 7815
1923 5330
8242 6113
7353 6178
1267 1077
9928 1675
1882 1163
9347 2169
9294 6298
7281 4997
9315 531
9715 3837
2451 1854
5994 2691
968 5880
2873 197
2779 9155
7795 8503
7107 6529
9945 7708
6459 8196
6679 1112
4255 5553
428 2391
2681 8126
8920 3185
975 2429
7089 3718
6734 2962
438 1445
8268 7730
931 5035
1267 3083
6489 5127
5570 9795
2016 6650
2040 7
9384 4077
9567 4361
3817 9757
3646 5174
9651 3374
2088 3815
8044 3919
6014 45
7739 1874
107 2530
138 3037
4765 3651
6778 7741
9698 3059
5246 5882
3477 9014
8715 9894
9031 6521
7008 1664
8766 609
9677 1082
6977 9111
7746 4571
8018 2126
1045 2408
1497 3352
8091 8503
4855 376
6719 154
2961 3045
5295 3350
7103 8680
1166 5802
1070 7199
684 3132
7504 2059
246 709
1082 9081
4931 5161
5665 4531
7687 6278
9195 1990
7302 4987
8294 7602
6063 7484
1252 6953
1330 568
2942 1336
6214 9877
8980 2674
4509 3196
3123 1116
7759 2389
517 5991
5366 6217
885 6679
12 6810
5328 4070
5106 5233
4994 4961
9329 6435
9222 4727
5499 9760
3686 738
6514 4790
2182 4721
7372 774
6460 1860
3991 4448
7945 8992
1513 9385
3945 8071
1116 3451
2192 6084
9186 1982
1241 6154
3905 6447
374 3336
1951 5685
1448 9651
9821 5735
4247 4591
8121 8369
4865 6858
5447 930
3848 989
2431 7361
8228 1646
7185 1372
3129 3189
2061 3601
7335 1115
3592 541
512 979
6457 3488
658 2702
1479 6793
847 7435
2892 5064
2364 815
6179 7113
3268 1441
9831 8029
7672 3916
5340 7506
4920 2926
9208 8599
6557 3040
7808 4896
8885 6379
2509 1198
7507 3664
299 5756
462 4474
3196 2380
7487 1072
6199 1463
207 5448
9481 4557
7615 3409
4791 4891
5402 6704
7364 2721
6133 4590
3674 3196
2959 1221
8198 6151
936 4719
5007 8105
9150 3195
723 6765
7809 2574
7735 9811
8298 2990
716 5873
3862 8301
1827 3737
1191 6271
578 9544
297 709
6052 1809
7315 9953
1503 8626
6482 2974
3500 999
87 1606
9675 9627
9794 5618
9015 4450
457 715
7064 3714
2036 2778
3145 9577
9511 8526
3871 5394
7610 3851
6813 9062
902 4966
1124 3210
212 4973
4517 795
9501 3816
5240 2255
4885 4673
4772 7736
1531 7835
9987 1647
3884 2347
5750 3480
8671 6842
5619 3484
391 4814
565 1962
5985 7074
1887 3806
1797 8844
9113 3233
7088 1978
3672 6628
9669 5031
4128 2836
4982 7435
3168 3119
8178 5593
379 4462
7115 6196
8714 2325
4140 5491
4955 3250
4019 8521
6343 1526
2444 4906
3511 4905
979 4740
6497 6600
4693 9517
3620 6467
8364 817
1116 5463
3306 8956
8891 16
6763 826
9401 1603
1548 910
8544 4425
6090 8856
9531 5816
2117 249
1120 2097
8824 3944
8755 9069
3651 6641
4926 2554
7090 6096
5064 1588
5188 9171
7645 1729
221 5076
1376 1095
8816 6963
6322 8087
4248 6525
8298 41
8904 7151
404 2051
2996 2349
9424 3378
9335 5127
7200 7415
5481 3976
4682 3635
1920 3373
1137 4576
3357 1267
6041 2802
5499 3193
8771 2851
3987 5270
4577 9171
4999 6774
2876 8646
3872 7932
9012 2908
642 670
5680 634
4146 1115
3698 4881
6829 5798
4911 4336
8215 9047
6333 4138
7981 6006
2105 3081
4053 9787
8913 1621
1499 3120
6260 3718
800 4217
4104 2972
2163 4162
8047 2886
9138 7930
4994 8800
4458 7945
6078 2346
8266 607
2040 5772
310 9783
6621 9479
8940 8864
5806 296
2593 7854
626 1138
9475 3592
3056 3316
284 1285
2971 1239
1553 4353
1188 5291
2595 6239
8087 6804
2153 7671
3967 6373
1827 7843
7445 2326
5027 5443
2091 8989
7734 4284
6353 8556
9048 445
9534 6754
2115 2498
638 7307
9219 545
7474 4741
6068 6202
3563 7716
1133 4131
9515 8133
642 9150
5568 4741
5386 2249
2289 4821
1610 9074
3228 8899
9227 5869
700 7758
7567 3128
6549 6943
6653 7464
1543 9196
9550 6782
1974 4303
6706 2270
2417 4257
5771 6843
5320 753
7651 9903
7134 1641
2723 3282
6172 1255
1848 1433
9923 7126
3993 7880
7830 8803
7453 1323
916 7532
3704 1497
2218 2968
1443 1370
1240 9561
8132 8374
4928 7071
7896 801
6553 7876
1136 2585
2822 3369
550 7456
259 4504
5103 5028
273 705
8668 9502
3169 509
9908 3263
3199 4268
1037 5834
1932 1496
4278 130
4521 7095
830 9529
3309 6111
6450 4664
3024 115
8375 2559
2559 2485
5073 6596
7878 5893
219 2805
5811 2116
5231 3074
1771 6574
6791 6322
7591 4779
4833 4695
7078 4036
8632 9737
5556 6298
7825 246
7596 7169
2316 9434
6495 5291
8654 7888
5729 6820
4574 7859
3797 2456
1453 8894
2461 7572
1355 9022
2388 682
4160 3076
1922 1780
6491 3093
3394 457
4397 5683
2647 8019
1898 1015
9666 1386
7564 1141
2500 4434
1982 2504
3509 6036
9280 2697
2401 7799
3043 729
5892 5656
6182 2578
2906 2574
4524 1987
4825 4826
9322 1510
3337 7880
5812 6969
5695 4017
4937 2944
8383 35
493 9146
2720 1414
1130 7890
6169 6072
8699 6411
4784 163
8185 7666
3404 3139
5004 7189
6428 9974
689 8249
8821 4719
1752 8734
2032 6127
8510 9921
2076 4097
9370 8399
8664 8646
371 7464
1164 4563
615 1032
2035 9083
3866 188
968 1962
5440 2789
5514 7644
575 9142
6602 4371
3316 6886
1700 9343
1468 228
2009 839
4390 2842
8755 9248
3684 1275
6783 634
9928 5571
6136 6530
7085 6863
905 9490
7058 6268
2413 1787
917 957
2955 6380
9566 1059
9837 2021
399 5452
5312 4981
7360 9418
962 9375
3036 2790
5620 2126
7715 5723
4010 4341
39 3812
5180 7737
993 5935
3069 2916
9160 1896
1280 8013
5823 7911
8794 3040
8464 6533
6097 8206
4236 3700
6157 5509
7300 6779
2401 7935
6981 5388
6683 8733
1429 5335
2655 7704
6657 1573
7543 3529
5465 1484
6640 6214
6297 6178
5081 7994
1890 1093
5925 9556
4301 9308
3804 6532
5394 6841
6805 6846
529 2415
1183 5697
2460 1308
5841 9903
5775 7488
9245 1837
7060 7925
7523 2764
8864 4270
798 7089
224 2963
9848 7365
810 7165
9577 6296
3607 4486
9254 4671
894 701
1840 9781
768 2770
531 9982
8668 8518
4649 4994
5279 5245
5369 3477
2264 6124
656 2448
9680 8471
1000 9575
9534 3727
4565 4878
3049 1857
5247 595
4399 6006
7035 131
2605 3260
7003 3645
4426 1876
2991 7101
8894 7421
5228 37
4107 5133
2311 5708
6433 4942
3192 1453
6455 55
9360 8027
2436 2553
915 1556
4519 2375
8524 6734
9527 4294
6447 5229
6665 6325
3718 1120
360 6405
7035 8263
7477 4839
9785 4838
5689 5189
6459 3872
6512 6908
5573 471
9362 3541
2586 750
8518 1748
9667 450
3873 8895
5545 3862
3135 2556
902 5958
7946 5969
1287 196
9860 2761
5576 1208
8174 2525
6519 2926
8829 3266
2598 1490
9592 6299
4021 970
5506 5191
602 1497
3401 8750
8733 4584
7708 894
2850 4005
3060 6281
8129 7947
4080 8206
4311 784
74 7464
3150 1332
674 1100
1270 1682
2478 8869
3236 1334
4617 7160
1629 1976
4851 6709
9309 4102
3098 9871
9564 4200
7835 2709
7725 3525
5587 7514
6703 2000
8554 5039
3511 7404
7883 6458
76 8687
7000 3012
6433 740
9881 1203
7151 2252
5561 5183
9963 1489
5648 1344
6394 2913
3465 2367
5228 3886
2435 7192
5977 3150
72 1813
6414 5967
3427 8693
5840 2277
5857 9588
6267 6224
9267 6068
4774 679
7648 6934
2672 2537
1798 6613
4394 6485
9498 9542
1578 8459
5873 8251
4048 6380
757 7541
4887 7542
8905 1037
5693 6186
8054 5269
8412 2866
8960 3727
977 144
4313 4091
7017 2535
1957 2688
4019 9003
2915 5586
6008 6271
5314 8270
3291 3465
5394 2807
2219 1762
7897 6560
5264 7123
9499 3802
6790 6853
8727 2725
2904 6019
3601 5691
4337 9013
9512 7323
8748 4330
6715 218
6238 4608
4852 4170
2090 8920
9861 1304
3325 2466
6905 3176
5347 9336
9876 2598
396 6528
309 482
6970 9359
2563 1240
4432 4490
612 8380
9653 8191
3965 985
1361 8606
606 2875
3704 3141
8575 9547
2064 6812
5150 8414
3386 1978
4416 2303
1316 6292
4068 467
6760 51
9835 7828
2614 8159
9785 4787
4862 3299
6844 5144
4547 8804
8812 4796
4131 2026
9346 7176
3341 8225
869 6218
6429 968
5931 9476
9798 9888
4518 3885
7555 5820
3993 7504
3494 2732
2994 7396
1277 3866
3081 720
6296 4194
3639 3106
2893 7977
4488 449
8211 3016
5474 9534
1629 3576
5727 1859
1560 4101
4820 6152
3724 4544
2475 7739
2865 7968
5459 8230
615 3364
3824 5855
1849 1100
6970 5496
7947 9519
4581 5134
5917 98
7221 5829
1306 6804
3965 5786
6191 4686
509 201
8120 6806
7115 9072
3524 5443
75 4984
38 201
9318 5390
9974 8500
621 2036
167 8420
4402 116
7132 1451
8478 7839
7467 8132
6026 9493
8276 3968
7886 9147
3382 6312
4077 9398
4738 9546
420 5810
7153 1987
5987 3109
4826 2540
2666 7004
4197 336
857 4417
6827 3074
685 5254
9143 4334
9963 6814
4377 3827
1498 4587
8713 1337
499 2176
9973 2422
7006 4848
4574 5133
2341 2384
9869 4919
1670 7764
4059 572
9076 710
1025 1282
5792 4579
757 4853
9648 3946
7024 3665
3035 2041
6867 8371
3341 3565
2628 2584
1349 4714
2433 4074
5170 4603
1595 7271
4805 822
6737 6042
5912 6722
8086 1573
4705 8147
7490 6937
5561 1891
2398 5192
2401 3993
4290 1809
5373 4677
9894 3925
147 7907
7435 207
5985 1294
4316 8723
8672 2023
525 7257
2981 7296
9839 3253
1012 7733
598 9066
9345 7820
9727 6937
7143 1624
3832 218
2865 4644
5922 604
7334 4031
3739 2206
285 28
9 9404
9065 5489
3551 9032
3481 4989
7502 4411
9659 5672
8076 8762
3481 9032
8363 3328
2938 6869
3146 7949
7732 3024
343 2498
365 6785
150 9627
6000 7076
5118 9467
3897 6254
3473 2998
4938 5993
4092 9889
8610 7194
8399 3739
2582 3974
8738 6723
1946 8110
6496 5518
9595 6023
2658 7934
1483 9863
9074 618
9482 4215
9177 3712
8148 6215
9291 829
4814 8859
3235 3112
6005 3160
4258 1444
2364 6867
2063 2841
3317 8511
3429 9402
1458 8115
9546 9519
8430 3841
910 7739
6618 2618
8517 1083
3230 8423
5447 7201
521 1417
4517 1943
3746 7548
2981 2151
3786 2637
1439 4420
2587 1211
4027 9342
5317 8882
1806 4943
5867 4682
3304 3361
8767 8328
5719 4528
229 5714
7535 8978
3294 1609
8358 73
1272 5114
8618 6132
3926 4327
7563 2570
2304 906
9876 7340
4383 9613
9879 3650
6880 7188
3780 6609
318 5709
8247 152
4022 2500
2691 1235
416 8447
1520 1695
798 5884
1217 1744
4350 7757
3126 1984
6268 6163
752 5480
1408 4307
3571 1799
8837 5732
9826 1781
6380 4327
6837 7352
9032 2632
7441 8046
1218 3488
3368 7822
2656 2387
4952 3799
9955 4929
7219 7014
5592 4064
7837 6961
3492 4471
7240 8824
9982 3533
3723 7065
9959 4431
657 2742
8048 7708
5255 4970
2800 9251
8569 6960
2038 4663
5762 5691
663 7646
7934 8061
4388 5198
9896 3901
488 5753
2265 1861
3806 6528
2831 1220
8587 870
8234 5200
9745 8372
2130 7940
3624 7452
854 3375
983 2618
985 1831
5007 3726
349 7178
5220 2568
2756 6578
1658 1011
5032 631
8646 7949
8954 5832
6317 5096
3212 1993
2124 9686
8632 3752
2870 7630
6152 8265
2743 3930
5182 9466
6981 2118
2783 1247
6590 3904
383 1036
2095 2463
4594 2000
9223 2544
3272 3321
6445 246
1704 2895
5785 5979
8461 1109
9418 7769
2874 6503
7335 4478
316 2905
6076 6265
2486 2402
1296 3592
6802 4813
7997 1530
4582 5224
5430 8477
2858 5976
4918 7947
5668 586
2085 7915
140 9883
2333 4770
6892 3008
6477 2347
5299 6473
7706 947
4648 4156
5258 4360
7906 5653
3805 2147
9663 3556
4779 453
2485 7143
6248 9662
3775 8474
5083 2029
6124 1738
3850 4479
8445 9357
6669 9446
6826 3014
8163 8011
2539 387
8234 2008
8497 5946
7228 2475
6943 891
5899 8860
900 7322
7242 2780
2837 6375
5462 1295
8388 4115
4354 5482
1607 6383
8198 6859
7520 3543
6098 8529
8489 3481
2690 9582
2188 9296
6557 5570
6237 6066
6796 8638
7012 3489
8331 7821
2165 9857
6649 4185
8499 6149
401 9537
327 7350
6542 6918
7999 6075
2680 63
7121 6888
2754 5867
3392 2663
2491 1562
1448 1760
5789 2171
5655 7200
6398 2781
5090 2110
5311 6572
1519 4132
2044 1081
458 1642
5669 9607
5734 8693
5842 9615
6584 8149
2119 1836
336 3339
1182 6879
3745 1619
6154 1008
6267 176
4358 3878
2486 1817
2496 2096
4491 3724
5299 2332
5861 2790
8731 7787
2637 5361
8265 9540
4200 201
8114 2514
8606 9539
9073 131
7789 2355
5259 9536
7162 9968
3983 5420
7092 9177
6666 2540
5941 3611
6216 4913
7106 954
9384 2567
8686 9084
905 151
9123 1372
7357 8403
4609 4406
1511 9962
4046 5887
4819 535
1301 8745
7767 1672
7749 2607
3719 1045
1634 6388
4881 5565
7432 9979
4779 3775
4220 123
7501 7466
2475 14
69 4473
3039 4897
8722 3943
9736 6433
7927 1398
1352 5582
9842 2533
3828 5428
8011 2948
4460 1696
1792 8193
5658 7813
5842 7631
4966 6041
5769 3254
8012 9970
5045 3292
6606 6182
9544 5943
8024 1265
7184 2603
2548 2715
4777 8144
5685 1881
3962 4952
7190 7504
9167 6736
7181 816
1709 6882
1491 8081
6097 4366
5492 6695
3045 8259
2322 4690
2201 9766
1831 9655
8347 7303
6003 8367
1205 497
5808 9347
4288 4917
8579 9582
6160 4269
7155 1994
4374 7240
1907 2907
2920 9536
1584 2683
1003 8228
7590 2280
2776 840
325 9559
9974 2706
7687 5387
5079 2883
3495 878
6798 5871
3918 7253
9801 7084
7856 3683
8176 7617
6586 4240
434 6602
1657 772
451 5343
4386 4059
6024 989
3351 1077
8314 7086
437 38
7323 7094
7799 5804
5014 1999
1818 3587
2280 2265
1436 7404
7080 5417
2111 8296
6312 6797
9878 7523
1562 5457
7888 6404
7262 108
3862 9431
9771 1979
7208 7680
6518 5298
9832 8185
8664 218
9902 5659
1615 8714
1664 9711
870 3960
4552 6417
2314 3089
6205 4984
132 7129
2215 2756
6087 2186
1987 8780
3502 5347
5908 8418
4563 4054
1252 1880
3953 4527
1984 5712
8541 8496
6047 6823
8822 807
3673 8442
9250 5476
8719 5761
9282 5432
5421 6170
2620 607
4633 9356
2530 7253
1610 7631
2902 3448
1018 1070
523 450
3043 7518
2530 6891
5327 524
2438 4670
7171 3757
4992 6757
4239 8362
5726 4229
9124 746
1983 715
2710 6925
8270 9644
6480 188
4675 5820
5073 6075
3505 8549
1675 5926
2661 9342
3618 7978
9597 533
8735 6001
9603 1283
1281 9579
1861 7112
1625 9159
7846 2914
7872 1686
2045 1754
9867 1557
14 649
1034 4513
6657 3975
5360 2366
3210 947
7945 7649
9665 3546
4053 5194
7175 991
9524 7947
382 3687
1916 5901
7181 5510
1307 3300
3908 6756
2173 8168
3364 8809
2680 3099
9403 6423
8893 5042
1741 3998
1004 6160
5948 1239
9445 1143
4268 9991
2550 911
8569 7301
4353 3962
6649 2627
2613 383
2461 7019
5935 8443
8034 5020
1767 5907
9818 251
7649 9255
650 213
275 8142
4123 9849
6909 239
2553 4398
6912 1705
9761 9548
6718 4970
1133 2556
6541 6386
6109 1977
2561 2149
2112 4413
1474 9817
5699 5270
8994 6650
6365 8422
2349 6269
4985 8944
3651 3792
8023 8115
4053 8286
9331 5259
3414 1931
5425 1255
4786 6390
7134 1145
787 7655
645 1174
7726 4806
1384 7503
4370 4463
1295 2808
8537 9189
9552 4490
7462 4433
6821 9330
5734 4279
5062 1715
689 4256
7817 9430
5507 6915
1117 5441
8056 3338
5206 5185
3718 2642
2678 8205
4126 3315
8770 6656
3706 7175
2498 643
8462 8097
5959 4458
3497 4495
5804 8049
3030 645
2776 8669
6455 1082
7897 3285
734 9985
1247 7380
6576 8309
3376 8580
4695 687
1047 7517
812 6386
6261 6529
3340 3648
1064 9433
7873 8061
2318 9593
623 871
950 4282
1682 9448
1354 8654
5782 8198
6631 4087
2834 9663
284 7641
1788 1451
7413 2791
2812 3178
1055 5327
3111 9541
3056 2011
2803 5731
4335 8567
8269 1257
8664 4806
2111 1952
1753 7560
9225 279
1996 1487
9985 6847
1608 1337
3706 4415
5279 6527
3237 7043
4089 6602
834 2232
701 2769
6559 5635
3136 5508
2063 6520
708 4222
6913 9852
6697 2025
1914 7743
6475 8827
9786 8438
731 4837
1175 4279
8225 850
5808 255
9412 9772
1581 2758
1182 7999
6027 4574
4220 6637
8458 9461
2832 1421
7086 2012
6966 659
6991 7295
1694 3508
1515 3676
2536 7384
1927 3351
1355 7753
8648 1038
8547 4478
1989 3103
5960 2346
3557 2849
8255 6019
133 9534
7968 8569
33 1349
7126 2066
6156 4444
6161 539
656 3530
727 5144
364 4382
9690 3557
4581 7332
9413 6392
1647 4016
3270 6317
7222 8838
794 4906
7200 8373
3102 4415
3213 7613
4862 311
47 2315
1958 3929
3287 2967
9353 7808
7280 4373
1477 8106
6675 399
6333 1092
2235 6539
5988 6596
571 9876
2759 8461
8941 2493
478 3037
4836 5884
7986 6124
1775 8045
8375 3672
6061 1980
8172 3631
9602 9602
3869 9214
5071 5172
7202 2044
6820 8638
6543 5708
6912 727
2666 4726
731 5827
8169 8982
1474 2681
1404 9550
2895 7340
5740 4993
2149 245
474 8929
9147 1101
3598 5060
445 140
1538 161
3440 8670
1697 6192
2299 570
4575 5088
6377 9462
7797 9230
5894 3856
2802 6740
2960 8117
3769 9430
4458 4111
7830 2662
4394 176
2555 5817
8193 3547
5497 5562
118 1657
4400 7215
5391 3190
7407 4870
1481 7095
2805 8381
941 8225
1943 794
5248 6616
6379 4434
2246 4233
3871 6749
6667 2171
1933 8195
4002 54
3344 9024
2077 668
3152 6634
6794 9923
1184 9948
8445 4362
8027 3975
8380 7803
1804 5355
9892 9841
9188 7636
5030 5290
6309 2650
9339 962
2216 3940
2313 7801
120 8372
1653 9722
1328 2726
2419 6508
8912 9933
1426 4416
5079 6068
9438 7732
3636 5345
9259 2804
6431 3377
5132 4117
3005 931
2251 8017
7288 4996
1962 4874
7664 2692
2714 5811
277 3834
5538 5049
6939 6490
1977 7171
6430 9035
5095 9093
4704 3883
5086 7167
8196 6592
6923 656
565 6646
2123 8836
9506 4029
3375 1002
1986 3907
6250 2145
2139 4458
5786 9864
8416 612
8769 3976
3990 1259
9214 2023
6469 3744
485 7273
7617 4946
7278 1231
8102 788
6187 9744
3882 6990
2405 2434
9859 2905
7992 330
2765 8273
167 1121
5929 3374
5199 736
2191 3396
7865 2877
6783 4337
5523 3683
8506 5730
3105 4601
1632 6379
3800 8758
3138 4322
417 1218
5329 4470
3377 4774
6208 1151
3697 4024
8787 285
6274 943
1134 9369
2309 8118
8364 1871
1612 6223
6099 1798
5298 7584
4371 8781
3123 156
2773 8630
5302 4579
5554 7053
5576 9569
7471 681
3490 5550
7398 7014
3125 3578
2944 6333
1693 7010
2050 8921
5076 5290
2025 9145
4316 4913
42 9604
8642 7877
7237 7587
1865 326
2399 8517
8020 7127
146 5588
1181 6945
2139 5705
884 5781
9801 6366
3408 8942
5981 4084
4248 2660
1345 5360
1727 2294
4011 9201
1796 8394
7992 3667
5638 4054
9611 7307
9969 9723
6978 1510
1149 1595
9100 9216
2580 329
7462 9494
6812 5671
4110 8182
2690 6205
4022 5133
1634 5979
2802 2205
1891 3263
4773 2950
2199 5652
6220 1207
4236 1687
6144 7953
9172 7409
6503 5676
4515 4478
9279 7929
9588 3215
1531 1536
8530 5988
1096 7751
8235 2997
5753 4756
8465 2934
6167 5806
9514 8389
2356 583
4780 9437
6004 2229
4 6094
6252 1743
7522 7134
3103 316
9926 4169
1152 4902
7893 478
9832 8081
8282 3697
4422 3475
7560 2248
8580 2783
5403 9665
2156 9883
5867 7904
4051 1827
2203 2102
6232 9323
7183 8917
9238 2886
533 2142
3704 2816
3041 1954
1422 9751
9115 2290
3511 5681
4994 9940
95 161
1025 257
6953 324
1290 1497
7250 7983
7494 1576
3311 2716
9080 779
8992 1703
9815 1546
6910 7345
9199 268
2922 9103
4029 1043
885 6205
3944 624
1362 7238
66 7867
6045 2410
9630 4992
8235 2317
8795 3750
9723 1277
1839 9631
6972 3120
5659 1512
9227 4560
3825 197
1268 2302
7397 4125
9075 9291
803 9865
8453 9936
8545 6059
2070 9338
4369 7182
442 8980
436 8386
5178 3452
5411 4124
6176 800
8077 1190
8717 9780
125 5371
9369 658
7237 7253
9261 7859
5881 2231
5910 5050
6066 1835
7519 5645
1919 6806
184 1346
6613 3452
1786 86
2428 9800
6573 779
9943 1218
7057 4713
8296 600
5967 531
3933 9348
9580 5516
2624 2403
1134 476
3768 3097
4947 1614
2433 1638
3175 8529
5485 9640
5635 5086
1194 9679
187 3378
3192 5883
4806 5427
5549 6822
8942 9978
674 4490
436 1039
6238 9811
8928 3328
969 644
7090 9093
7035 2935
6848 723
2696 1759
3258 1534
2600 3247
6307 5614
7661 6731
7572 3722
2160 6316
1126 7724
2553 1045
7745 985
8953 2591
988 277
7503 6815
4311 6170
446 9261
8995 9906
7987 8179
9421 2218
4488 804
3687 3252
5171 7856
6647 4750
421 3222
6294 1016
2466 7780
2605 666
1326 3871
1720 9660
3653 2484
2032 3761
8797 3365
478 6071
1477 6513
2070 3806
9550 7577
9029 3939
477 5618
1273 4490
4485 1365
2956 2539
7031 1340
3116 9674
2322 7859
3217 6380
2049 4508
5885 9474
6587 3020
3861 3187
1045 5120
1199 2076
8788 4537
4903 1231
6993 3721
9314 72
9805 259
5675 7621
197 3926
1164 5196
5211 8783
9422 8110
2724 2897
6178 5173
4617 583
7171 3924
4949 4291
1481 8289
5045 3722
1732 4530
5618 161
1825 5449
9867 1979
3712 3028
3287 1000
4957 4010
1696 8618
217 8164
8011 5849
5011 2478
5472 478
8644 8149
3307 2712
2457 5951
9721 4570
4296 3956
5405 4233
486 533
2244 6927
3090 6108
5049 6679
482 2906
5053 6040
145 5365
8533 5501
1298 4081
219 1086
6545 1646
1865 1894
9277 8926
4438 3282
5525 8762
5854 2711
6421 9503
2773 4038
7313 1774
4008 9683
4358 523
3139 8601
9155 815
7238 7835
8981 2175
7235 7661
6711 5465
5129 4098
1591 8193
534 4435
6414 3770
7115 3222
5566 7200
9242 1107
6721 8127
2210 4401
6318 1257
2577 3908
7386 8745
7740 845
9363 1366
3508 9418
4548 6071
6021 6194
9721 1196
7064 8442
5063 5556
7058 8687
5602 2742
983 6850
7848 4942
4443 3565
4706 9381
1718 4713
7103 5608
6593 4836
3012 4690
9750 1382
7483 9441
8902 1725
4163 2941
6977 9247
5118 2229
2532 511
6982 5212
404 7200
5181 3915
5112 6146
2778 9987
5819 5038
6413 3213
6574 4845
859 8727
7667 1055
1621 9915
4541 7089
4529 2686
2668 6911
7721 350
5877 2494
3057 2000
8062 3263
5427 7127
2623 6005
7945 4703
1473 5595
2030 7432
1190 7778
2244 5311
8078 6485
6228 7085
7245 1653
5122 7904
4611 8934
8907 3327
2889 12
3889 5500
3162 4388
8653 7073
167 5787
748 9838
2094 8255
6906 9550
1256 805
7507 4549
1270 5032
6176 2627
4164 3406
27 7379
4807 3561
8222 3048
3751 2699
3323 9911
483 6439
3904 2231
3283 8328
5962 8077
8544 7292
4313 8592
3291 6330
4713 2582
2376 2082
9482 4373
6911 4235
6341 4526
6184 833
8160 8548
1401 6644
8055 9414
4936 2218
4708 9955
7631 5210
4130 511
1756 2015
9619 8040
3316 8854
5306 7375
7003 956
6980 2374
2778 3542
6351 1518
5339 7527
3911 5816
2964 3518
2991 8342
3802 290
3721 3753
5953 5038
6333 9875
9899 7717
4686 7851
202 5860
4517 2868
9261 4328
7304 5976
6299 7288
4169 5676
8326 5755
7879 9751
548 4491
2814 9556
1335 3719
4226 6570
5262 9510
8731 4906
4204 6195
5716 2701
5637 8142
5688 8269
8451 8876
9973 718
3722 9766
1044 1086
8202 9075
6612 6450
2833 3337
9865 8154
2886 2658
9997 727
3321 8533
3881 4431
952 62
3878 5009
5593 1467
8059 4923
5650 3520
1468 4698
8472 9044
7085 789
9943 88
5498 976
6022 9560
7816 3535
2551 8736
5615 6367
6140 25
7164 1509
6482 7589
5330 9833
7394 361
1612 7372
7705 3574
4544 6057
9508 2038
3548 9091
183 8998
422 2823
4064 2093
648 8742
5522 7176
5099 4826
7145 3809
3643 9194
1600 3904
2792 5825
2922 9910
6312 9915
2445 97
2670 4376
3597 9557
7193 4875
7637 2586
4115 9218
3146 1311
9298 7976
7553 6537
9408 5229
3091 6758
2508 1645
691 6253
5547 3980
689 1945
3610 5960
3356 7477
9222 7726
8399 4479
4748 4346
938 9902
842 5250
1142 7732
9369 3139
8459 7303
8991 9878
1264 4593
4460 3788
1640 1634
7876 6260
2680 1028
748 6501
3584 8844
587 728
7278 9585
509 6565
9816 7465
7899 5981
1413 1483
5367 8915
3022 3207
5595 6799
3809 6839
3091 9410
3082 1236
5327 6353
6117 5557
6900 2154
3075 250
7589 4218
2082 5134
8860 520
6537 996
9115 5352
7445 6443
9281 9745
1817 6169
4976 3599
7864 2557
4872 2792
1495 3968
5952 4713
357 5680
8735 7705
3501 4911
7507 3186
1402 4565
5110 4181
1599 5247
4328 2114
1286 9150
6918 8369
2359 7837
1431 2244
3278 3000
615 6042
9348 7343
4182 8965
9154 2049
6047 4091
4181 6015
818 1216
9492 442
4477 9193
5551 1237
782 8303
4966 9753
5926 1338
6757 6286
5188 5086
5363 8757
528 9877
2114 4324
778 6344
2126 1870
8881 4055
6948 984
7536 3368
8510 9066
3861 6641
8559 8398
1330 1639
8940 1268
323 8464
789 181
3692 2269
6392 5342
8305 6677
4827 9129
2790 5619
7230 7392
3069 3631
8582 6277
4115 9613
2989 1831
252 6504
3229 7074
4245 4245
6146 7680
3146 4283
3367 5919
1495 5263
5745 1570
5242 708
9907 3771
8951 4267
1249 4156
2962 5225
553 2907
9822 8538
5182 833
3907 1632
4187 2346
3324 7217
2366 2396
7098 6388
4360 6029
7942 6337
5512 7721
2608 380
8664 1920
2871 5915
8438 265
1832 2081
8732 4911
5760 3942
3352 890
2317 8168
9460 253
8671 1011
8191 4772
232 8614
7823 7484
8082 4982
2945 174
1365 7387
4564 8227
9428 2461
7849 1385
2011 5451
3796 3661
7197 9057
6410 8481
8602 1486
3947 2272
3281 8219
1561 9071
4287 961
701 1656
241 6964
4189 1584
5687 3842
768 2768
5197 5350
2961 1804
6776 262
7534 4190
7745 1588
7841 7016
3451 6092
5626 6795
9417 1123
8165 7621
3899 3175
209 737
7728 6910
6066 852
6489 5226
7789 6679
403 8658
1665 1974
512 3544
2197 5896
9488 2514
2469 3293
5530 3150
1597 3658
3081 2185
7950 5495
2930 8324
1203 5154
3774 3045
5841 5971
6544 8566
2735 6233
24 8158
14 4408
114 7577
7854 8757
9650 646
7501 9741
3907 559
6600 331
8759 862
6709 4210
2082 5376
8468 6167
156 6819
7216 7855
8042 8240
9345 2589
1796 5920
6964 1942
3979 2931
7656 6938
2028 6762
557 6047
7687 4004
2610 9308
7597 6739
6224 8101
3019 580
7677 1034
2723 6298
875 2764
7334 7991
4798 9576
2296 1727
1306 8107
2059 9886
7523 6918
9195 7442
873 3844
2515 1264
2120 2697
6054 1721
8031 1344
1033 7528
9330 6797
9868 8204
9087 5902
7595 3180
6826 1273
8489 4510
7133 3129
5709 5708
1724 5749
8926 5412
6613 3829
2819 212
2158 7734
7336 7209
1474 9257
1671 3175
1847 9003
3758 3006
2829 3782
2026 9931
7739 7949
6840 7892
2747 9137
3544 492
7805 5474
3833 2058
3038 5891
265 2788
3822 8808
5741 3951
4945 7476
5485 6788
7623 4779
6222 5491
3559 770
3107 156
3644 5233
8338 5904
7628 6797
2374 6383
7257 7026
935 8670
7453 8682
3188 4052
1171 288
746 8891
4 6048
7333 2039
250 7526
9592 763
7033 5071
3761 2400
8562 4559
5496 1251
2670 1785
4007 568
2243 5962
4657 3521
573 3386
8076 2896
2665 8850
9889 3987
8619 6496
3345 711
5761 9590
5409 5059
9732 717
858 3591
5116 9986
27 2348
9468 5397
1553 9844
6306 9980
7045 4361
9515 5478
8169 7926
8948 3235
7632 5988
7491 2276
9478 8721
2111 116
9079 1962
5741 3700
4828 8679
7088 7574
2123 9344
9621 398
6711 6688
3077 2764
7307 7710
4943 6533
3096 860
2060 202
3785 9005
810 7948
1583 9191
2123 1614
9763 2580
8775 1843
6380 1256
4294 5073
1952 843
5504 3790
9851 9186
8340 415
5907 5494
3646 5132
8714 812
9375 59
7440 7670
2388 3992
6790 7218
1143 781
9483 4253
2880 9
3170 1852
4838 7662
2107 1522
3893 9815
3663 3759
421 7374
5696 816
3139 2479
5524 3885
7976 5133
4419 9410
6689 4904
6328 2592
1151 1804
3564 4641
432 7491
522 5025
4910 7328
4886 98
5107 8556
2328 1958
9457 8439
56 3552
1002 2340
3109 3288
5893 5579
6174 4750
6643 6889
3332 3520
4100 5099
7688 4759
3271 5248
4314 8018
6060 8409
5576 6254
8262 3709
2454 5284
3190 5102
4875 1385
6370 6566
6504 1015
1428 2980
7373 4066
2440 1349
1961 2888
6836 6350
6413 2256
4241 8871
9677 5311
3525 7397
475 1915
8404 3391
2148 7035
8213 5480
9869 7711
2756 9568
6122 6156
5475 8863
3108 2143
7604 5578
7194 8844
2286 1666
9919 8684
756 4467
7358 9794
5646 4609
7023 8791
6397 7385
5793 3972
9966 3519
21 7868
1082 2068
6701 7631
8895 7473
8041 448
6342 8430
4201 9854
1865 7618
9577 1620
306 8282
3380 5624
7143 2176
8458 9754
1990 6423
1391 2433
6522 4590
1270 3226
4409 2657
7138 8581
9017 2290
7053 499
6584 390
4044 5789
7975 3173
1799 744
4453 8956
1708 8390
6289 7850
6432 9527
4291 1878
4659 2522
6026 2316
5250 1593
7406 2267
2038 8391
8953 2933
4403 4892
9967 2416
5886 1319
8004 2465
4312 9922
876 5918
4219 5408
3624 3692
8954 5858
8759 2090
1408 7649
1787 2766
4346 6346
3008 6727
1185 396
8591 390
1715 3691
3995 590
5899 5278
9335 3436
8043 6255
8164 1808
787 1433
9154 8454
8021 8600
6623 967
4836 7907
8200 2558
8333 6025
8970 1791
4416 2908
9901 1720
5363 359
2817 9891
7468 6625
5460 9041
2071 6857
7335 6283
6483 8859
4228 6890
1360 207
8531 6518
5933 8079
3197 7115
7228 9010
6101 10
9963 159
8062 1756
6888 86
2217 757
5756 2401
586 9337
911 27
4469 9879
228 8169
1820 8610
2710 1295
2202 1416
9261 2488
2903 688
3005 5912
69 5513
4249 4322
6950 3659
8913 2426
7347 2044
537 2232
2029 826
5563 9990
7896 2510
464 7333
2899 2764
4268 1620
1955 3839
6771 6260
2097 8874
9843 3394
8752 2767
9632 3529
4824 2265
2052 3012
7948 3024
1952 2040
3082 9040
1528 1062
523 1447
2870 2502
2344 1042
8115 6520
2772 5764
4128 3336
1772 1478
5880 8525
7219 2549
9142 1687
680 5586
4209 4430
3346 484
3501 4031
6371 2520
3873 7518
5160 9692
6933 3004
9669 1001
963 3169
5812 1597
1480 4829
6282 6970
313 1558
1486 476
2747 9508
8309 7338
7247 5781
6715 1741
8560 1684
7122 8080
4019 7670
6422 760
7719 4394
2421 5207
1570 1985
2143 8774
4879 9647
2260 7468
1972 9520
3236 6377
6416 6929
6657 3701
3604 8170
2205 7676
976 8340
5548 1070
3551 7781
7757 4696
7883 2524
7713 5762
7935 8023
774 1066
688 285
8316 7210
7697 983
9222 8888
2413 1038
756 7614
657 777
5858 9816
8003 5402
1424 1066
8606 8023
5842 6065
2013 676
7133 368
8180 2043
4972 1058
3720 3550
1195 1169
7672 4505
6043 5913
4394 4278
9726 9415
6506 4930
4759 8125
9502 6841
3227 1201
7817 4218
3259 7567
4786 5827
5127 7184
4259 3014
5766 9387
1579 6394
9569 7118
1603 2254
3208 9636
7849 3922
4998 1316
2903 4179
5189 8471
2625 1205
7125 556
9987 4700
5902 371
7335 6449
669 434
422 6009
8292 5086
3214 9990
5836 6170
8471 321
5735 9568
1459 7877
695 5301
2039 3465
1929 2990
4236 4715
9776 1081
9337 7305
6199 4244
8270 3922
2087 5784
4030 9801
2055 3568
2848 2496
4604 9019
4083 7287
8768 4943
8109 2917
4104 2961
8523 7010
715 110
3117 5091
7306 2942
7590 8359
1106 8838
3750 1142
3871 4092
9827 9300
7009 468
5552 1730
1125 6569
4856 3208
5564 352
6823 6849
4602 6392
1146 1716
8682 184
1991 2477
6006 6179
8000 5244
5627 1790
397 9555
3936 8333
1956 398
1624 2876
5547 6813
5834 9760
582 6970
7711 7920
1334 2963
6074 5533
8045 340
846 6494
7822 2290
5127 7520
1538 1401
6936 6675
7086 7606
1184 4058
2812 4613
6030 5040
4896 2196
2820 6856
9021 1804
386 831
1122 7864
3458 2586
3059 4695
4995 2213
4297 9717
5045 6852
8251 3806
5585 5494
6891 5447
241 3000
4399 6196
2246 8559
8713 6875
1 8255
6397 6179
1633 616
1294 1521
5987 9151
2716 5297
2617 1650
2983 7606
7455 4210
1833 7817
3291 8580
6835 136
3265 1669
4162 7165
868 4470
8635 2719
6613 9337
1282 3608
3131 422
3990 2448
2984 3453
3820 5093
7030 5069
2124 3041
5470 2065
6711 6801
1454 2256
2885 2319
3810 7102
3368 2195
6728 1766
7086 3128
1266 6472
497 7072
977 9490
722 8174
694 9732
6030 7743
173 3279
1316 3944
7394 8345
5336 1812
4467 5435
1401 3983
3674 6004
5973 1592
8500 5143
8964 6087
4160 1145
6731 5578
8631 7440
5170 2476
5538 7906
3245 3488
3036 848
9301 8951
7202 8261
2351 2350
2308 9067
6493 7588
6306 2312
8527 6859
1150 1610
1471 4387
1341 6688
4241 9524
6702 4227
3571 5507
7090 6906
1408 7834
8705 4503
4366 472
9763 4028
1135 1257
747 5633
4104 6809
7771 1889
3425 1893
4858 3179
870 7286
1936 8855
5980 102
6749 2194
8258 8145
4384 4706
8538 5375
561 7080
514 6407
8032 7230
2384 2518
3658 2673
5396 3106
735 9157
1864 6699
2885 3189
4130 345
9772 1070
6578 6250
5635 8799
6685 2395
4639 6407
1209 2409
1308 9057
4158 2645
7455 2144
1472 4587
4069 1871
1924 4175
1560 8537
5209 763
1250 1774
9249 6525
6558 3459
2863 1421
5523 1301
3426 2331
4365 9003
786 4297
8339 5900
4005 749
5760 9037
3776 1918
3808 1294
928 4993
2266 1768
3760 1214
9954 5818
1679 7
3747 1391
9837 3351
452 5053
1138 2622
2121 8405
9267 8434
7307 1688
273 706
5852 325
7321 3620
5257 4294
6910 9223
8581 4387
168 246
4189 4714
5333 1844
8110 8628
8251 8322
2379 8267
9962 5304
7902 9810
4891 9639
2690 7184
328 4190
7572 96
9477 7372
6681 3119
5752 9033
6757 653
2375 7361
9334 2041
7922 3595
6516 8463
5904 4220
5882 7727
9145 9210
9250 3980
4304 7365
9908 3205
2842 8042
9585 779
1650 3928
9758 3667
7801 8548
6029 3342
1494 5890
5834 67
4973 6485
4984 7743
1394 7346
6515 6380
7838 1187
2192 7944
9582 8487
9910 1236
8265 1749
1467 701
8866 2790
8405 4701
84 5021
2908 7675
208 8422
6022 7791
3057 5807
5276 5541
9027 5348
4771 2364
7493 5867
8686 1138
6701 8133
6791 2107
7508 3375
5643 4732
8635 8446
6786 253
3335 8151
9807 1408
7853 3054
8959 4665
3264 8078
8523 76
4174 9932
4060 2364
6711 1482
6659 5370
5922 1628
5380 7244
7978 1678
5758 651
6622 525
7477 1995
2718 9009
837 8486
1744 4079
2611 3733
7302 982
1619 6474
1507 2171
5318 5934
4534 9812
2888 1260
5422 1365
1829 5520
789 9183
2935 3913
7176 9136
6144 5599
8870 3964
3286 1234
5031 44
8299 9258
9366 4269
8209 9738
5999 1816
377 9809
7218 4695
3260 569
6594 5784
4971 9843
329 9579
6676 9910
6751 9530
4752 7389
6105 2268
1360 327
2255 6471
2756 5973
1842 3214
3167 2760
1150 2887
8225 6808
6052 1929
2889 6097
6772 2917
2603 5373
5404 8649
5057 1147
1748 5917
491 4018
1773 3534
710 3521
7484 2792
2117 3990
1390 4766
8798 8131
8134 3242
4635 4458
2447 3004
6938 8645
4885 65
7670 5540
7594 3948
1791 8354
8772 3134
8101 8807
8805 2229
6842 5315
8963 8317
1077 3247
2293 6486
9339 3501
2387 628
5571 1430
3459 8817
1579 7401
7395 349
6695 7685
1443 6668
8011 6543
8741 4639
4100 4295
7616 7070
5222 6400
6108 2956
5166 8823
1159 5736
3198 2386
8560 7326
133 9405
3298 4139
3091 5969
6568 3153
4033 8142
8221 6958
2927 3030
2501 369
9264 6079
7088 8022
3415 853
3245 4931
1025 3339
185 8249
5680 1001
8108 6366
7553 3588
1518 6275
2237 4919
8589 8571
885 9773
8116 4256
7620 4328
3423 1677
5838 3058
1822 1865
5387 6201
2492 9878
9316 5308
5988 3077
8761 9499
7855 4002
1053 2148
8017 4447
165 289
4730 839
5883 8800
2638 9515
9038 9315
4797 9908
5556 7630
3700 1249
8010 628
9173 1419
5348 3098
9402 7541
7295 3119
384 2510
6722 1651
9803 6566
7809 3097
4757 9665
5694 9007
8900 7219
6998 5388
2819 5734
5191 1654
5043 4729
3522 2418
6492 7299
3411 5314
9331 5207
8841 7493
560 3581
8796 4235
8460 6354
555 9888
222 3723
9331 1655
5674 4332
8318 6701
8330 5490
2754 935
9172 6068
2634 1703
4004 8595
7609 1841
3547 1003
1583 4613
6060 2100
1277 9761
8551 9079
6477 4235
8141 5249
9750 542
9307 9471
4705 1439
2545 8330
9309 7133
2551 4400
4317 9913
9626 4277
2027 1716
4874 6123
8056 6304
6749 7120
7443 3829
4524 4917
9541 7015
5829 5390
2283 1718
7530 9683
7182 649
7961 6633
639 3057
3680 9369
989 2479
9248 9635
6465 7695
9580 4630
4292 5084
3914 3747
6564 6778
8649 3055
7471 2548
4079 380
4138 2992
912 874
4647 9476
7761 8452
5902 6994
9611 8890
6268 3795
2136 8963
6207 6088
4668 5392
2634 8017
5188 2190
5484 2517
3441 9877
5509 385
1444 493
7470 2214
7287 8762
1849 4808
9628 7930
5834 230
5405 4959
5569 201
3031 4308
4005 6496
7568 76
3259 1661
1318 9222
9668 5862
4309 9835
9081 5296
9973 3628
8658 3300
3745 5021
4424 9204
2060 9921
5757 6252
4337 8193
6099 6202
9356 9772
3919 5523
2490 8201
853 5070
1160 7482
4422 8358
6422 3915
8702 8798
1203 9200
4027 8692
1604 6464
6847 541
9397 793
4673 5897
8691 4121
844 5009
4444 8702
2592 5083
9019 8993
48 2031
7315 8733
6998 3511
4849 6480
1049 2813
7844 7475
4859 1422
6140 6492
916 7662
3838 7613
3862 4376
1688 7824
1175 2898
7344 9359
367 3885
2686 2682
6515 8024
1682 7586
8134 2420
906 8512
6348 5951
170 3012
5742 6140
6042 9539
3508 7893
6274 540
168 7153
3883 6638
9888 4257
542 7359
1345 1733
2347 9296
4294 590
3871 3619
6096 6074
369 9137
2210 8931
944 5611
3931 7295
878 6193
3294 2758
2956 8245
3720 5941
9294 2621
689 5604
6239 2823
2035 2200
5640 1720
6847 6997
4225 603
2529 1441
3038 9479
2326 3995
2260 2152
5908 651
7702 9271
8744 4263
3468 5883
5227 4794
1169 2265
56 7100
6670 9851
4492 4562
7040 2355
2775 7697
2852 5254
9529 2174
9437 8708
3241 5070
4747 4056
1346 8849
6374 9591
7707 851
7550 5072
7223 5162
7464 6568
5673 9363
5859 5495
8152 6022
9449 8479
1511 111
1141 6206
9241 6141
8982 3007
5042 2086
5483 9388
2433 2452
8602 7232
5138 9489
4889 9544
3034 5922
158 8157
242 5344
9787 5230
4381 4952
2298 8727
2854 6647
4758 6804
5900 8292
5401 4367
3094 107
6291 2291
2254 1487
3697 5556
3951 8195
5469 4888
1525 8685
1002 5342
729 4093
9966 6340
3069 449
2819 1919
9810 4463
9170 7476
6309 4627
2348 1553
5773 537
4423 2923
8841 1000
4677 9984
4771 2192
3601 2736
3302 228
566 9527
4301 550
7304 9813
5963 7112
6325 7267
1407 9061
8422 7749
3071 2081
9543 8001
6338 4703
4711 3162
5920 3449
7267 4479
7978 808
9360 7176
2822 6061
2539 5825
6130 9749
9229 7255
7631 421
2764 4364
1831 1998
338 2952
2416 7890
1906 9890
4205 6095
7680 9692
7841 9174
4602 236
9415 7781
8451 4902
4652 7097
1325 8016
7053 1534
2011 8027
5685 8124
2859 3753
5373 9717
7149 4827
9517 7946
4603 5343
1412 7662
8295 1646
5340 9594
9253 9239
3186 6008
4000 510
3156 9885
2680 5166
4304 3243
8593 4581
7599 9351
7538 9377
1213 6712
4865 5331
3865 4177
8088 7097
7083 8632
9321 7602
3769 6388
9650 8568
1473 5948
1554 9212
7305 968
3352 676
2158 3119
836 7731
4694 8358
6971 3227
9041 4982
8268 6815
4688 3761
5970 5813
9301 1254
3106 4487
8056 4584
6689 5608
8847 8765
5105 1929
4272 3005
2451 6554
4684 2118
9881 6786
2752 3581
8231 2801
2814 908
6332 4665
7390 4262
366 9608
3645 4087
3438 8736
4012 46
9633 9754
3020 9593
7387 939
5104 6188
7675 97
40 1926
4503 9978
4101 5232
9857 4838
1072 6233
4191 8901
7288 7183
8690 5290
7383 7576
669 9510
6802 5586
772 3810
7250 3092
9053 129
7814 5366
5254 3395
6740 3669
9841 6554
9482 3617
785 6608
4924 7219
6662 2983
7791 5839
9542 6566
614 4114
6056 2774
8305 4718
8114 8752
5776 8651
7446 7547
8839 3091
6416 4506
8613 4330
6353 6952
2392 8783
5876 8231
6735 7738
3273 2410
5676 1210
1468 9368
9553 3512
9089 7077
1903 6056
2257 4029
6916 6468
3405 6620
555 6201
8451 536
2005 8411
7833 7561
608 7207
2438 3974
6871 9319
4907 9389
5321 2555
330 2139
2845 3092
565 5722
8987 9905
5688 2999
999 5438
5364 8439
6860 9581
634 9090
4758 4250
8778 7954
9723 4255
3588 5719
4305 1775
2837 1017
3172 5398
2794 2691
7278 3287
7030 2772
6409 9863
2656 1869
5123 5322
7069 9737
5653 564
1448 6173
9562 6466
4751 3449
6239 8418
6257 875
6641 7895
1818 5463
246 6243
399 7388
3643 5738
8134 2171
9079 1130
8859 7370
278 7954
8523 7369
8095 7255
9977 3677
143 5734
3512 9179
6094 8290
1792 2619
6817 1810
7520 5601
4853 8569
6536 6992
1212 7132
7499 2008
2543 437
4566 2306
5090 7714
2547 8025
1618 6950
5729 7442
6018 5226
2734 7811
8512 7032
2786 2618
2517 6095
1562 2064
4485 2453
4192 2259
9287 8185
6064 4566
306 8970
1149 8778
1831 3147
2250 9001
8010 1142
9743 220
4744 8307
7548 4013
9093 6423
9638 9949
7498 82
6439 1968
8020 27
34 2381
8626 4659
14 3510
5498 5873
9629 8971
2026 9848
4633 456
844 2401
100 1416
3196 8158
8488 3877
7867 4734
8849 4538
105 838
8820 6136
7475 1450
2072 5235
8212 3844
2167 2816
3287 2262
1500 7002
7619 7533
2896 5011
6910 280
4546 2109
2842 7973
917 6757
3393 3954
691 1058
698 161
2478 624
2632 7496
9931 1640
5898 9734
9992 3472
8255 2534
1884 2571
3554 3860
3974 4228
3970 8798
5736 614
6739 5229
1238 4172
482 8314
3937 4509
1224 7469
9327 3480
7921 6559
3384 4478
4977 4405
4330 5304
7024 9724
8760 1654
280 5404
8593 8407
6927 7968
7090 4186
7148 4414
6812 211
829 2493
4099 1894
8125 9261
6384 6007
8215 9484
5881 4852
1077 312
6946 4645
9420 4630
5499 4914
3064 3680
6712 8383
2243 4478
4983 7592
108 2600
1143 20
348 9126
7544 4916
5569 3039
7571 4129
8640 5660
7792 241
423 4585
9248 5319
7727 9459
4719 7279
8727 383
165 9495
319 8436
5785 5732
8181 921
9206 9662
8392 7605
8607 3451
7417 9807
3739 492
9312 6249
2729 7714
2814 5151
3220 9434
7901 7244
8534 3408
5985 8954
3300 6612
21 708
8271 4399
189 5933
4154 6210
6727 5362
3090 484
8205 8514
8751 6751
8896 3299
5722 2714
4130 5543
9301 6085
4620 7430
645 3331
285 8538
3097 1934
5730 7726
926 9806
2190 4753
7279 913
1790 3259
1033 4228
3463 3257
175 3648
9470 3623
2200 7808
9834 89
9166 8631
8055 2176
1852 7338
8765 5086
7434 2927
9320 6618
1987 9817
3472 1851
3207 2440
1031 960
2295 8059
548 5944
9109 4567
3844 9078
853 7418
961 8329
3221 7124
9778 9283
8959 8416
9814 9857
4323 8462
3338 1651
8974 3788
4745 4526
398 879
3183 1064
7016 7583
7555 5724
3015 3541
6036 6416
6078 4517
8526 8865
3042 4418
5687 875
1247 8968
2092 7168
8843 8721
4734 639
1620 4084
2312 679
5904 5028
5349 7422
4857 6212
3324 8763
249 4639
4581 8767
2669 6968
3981 9589
7372 7671
7541 6991
573 6019
9527 2544
4551 4717
2211 7451
8769 5331
4324 2114
3264 5286
82 5506
5785 4629
2061 5850
3509 5490
6079 3854
1917 4895
2441 6116
411 1101
5222 8179
3713 6794
4545 909
6844 4256
9338 4934
3788 9736
4281 1748
9451 6939
3292 4534
9669 8324
1697 4409
3408 3644
5907 1157
8910 403
3298 898
2915 3287
4034 365
2571 8162
5092 9104
280 2282
2402 9785
9205 1703
7900 5925
90 2272
6512 3367
5563 2970
750 9190
4553 3510
338 1614
3884 3825
2280 9578
1044 1671
2024 5655
3103 614
68 3262
3577 1246
7165 4811
4997 3638
3876 3527
2047 1213
8529 4734
3514 714
9813 6999
5062 4681
7078 4055
8367 8227
1002 91
1475 2503
3885 5096
5718 226
5488 4346
9892 4192
6160 5205
5033 3391
7100 9710
9929 3722
260 5107
1612 1603
2231 3725
6654 394
2166 9674
1278 9643
5756 2498
9056 8397
8869 4233
9434 862
6803 1401
1862 7417
7685 2369
1031 4810
3885 1174
5763 2085
3184 4155
8815 2135
1559 9918
5648 5652
6170 5193
826 6800
8804 1816
8672 5893
487 9439
4078 9938
4312 7066
9110 2510
3638 4560
1701 3167
1675 6775
7424 2694
9989 7242
3702 9762
446 4998
5142 5658
9518 2140
3182 3678
2167 1740
7718 3105
2375 4795
9054 6043
8614 954
4576 2571
6392 8419
865 61
2624 6348
7267 7606
9159 175
8441 6937
9380 4394
2527 8670
1607 4554
253 7900
7406 1831
2670 173
8390 2951
1085 4523
7289 1989
5695 2938
2797 1509
7801 4278
1982 769
4954 8955
6168 9533
2042 1642
9862 3259
1703 1262
4652 3360
450 7353
4742 5502
8501 3575
9753 7995
5595 8347
288 4770
7830 7201
9700 9623
861 9203
9335 1258
4462 946
1716 1739
3996 5373
4874 7746
3216 4086
5282 1457
5033 5623
5082 7514
9068 4857
2790 5994
7157 6927
6044 4043
9085 3362
9975 6284
6247 7048
5539 481
725 1415
7214 2030
9129 3605
986 7497
5257 4467
1113 1903
5493 8936
9639 2856
9433 6668
5580 5832
7434 3058
3863 9270
5114 4740
2852 4887
7904 9883
2908 5502
251 9160
6189 5067
9746 4855
8123 2209
747 4521
4352 5138
5101 2656
6360 9169
5761 3006
4197 6957
661 1568
926 2764
8252 3898
5585 642
1409 4698
8075 2411
8905 8690
6993 654
832 5167
4682 9911
1734 8356
6136 6258
8768 942
8802 384
1413 3938
94 5150
2959 5845
4589 4957
4618 591
1068 9907
5090 6837
495 9815
225 4420
8312 8669
3649 274
8286 1315
3307 1842
8880 6929
6948 5853
4644 3688
7746 7140
8919 7223
3408 2325
108 7254
3111 5097
9960 8895
2526 6639
1548 8958
5151 1099
4523 3311
1162 940
7540 928
607 6536
1625 9747
9781 3689
7916 1017
4002 7792
2912 3674
4384 6162
9688 8802
254 7764
2060 7584
3956 3652
816 709
8191 1870
8929 1680
2094 8610
6610 3827
9905 8319
137 1109
8039 6084
7179 8186
7970 9716
5817 1723
1785 4721
9196 4703
6038 727
1589 3143
8935 5670
1202 9375
5148 2812
9499 6637
7405 1630
5579 8620
7581 937
6165 5084
870 3944
4031 7438
1998 3126
6902 1253
6207 2473
2674 2095
5499 1127
7308 4306
3188 9896
41 798
263 9395
153 5474
9503 8616
6108 3677
9005 294
5837 8567
769 6754
61 9136
2734 6452
989 77
9405 7388
2921 6369
9912 2632
4910 6520
6213 1445
4623 5438
5178 2514
6428 2135
6695 809
9795 1030
5706 2842
8742 3205
9878 735
7879 1004
3943 2376
5465 3657
2852 2927
880 9957
4367 4896
7131 5310
9205 4129
7536 2657
2977 115
808 9873
9136 2138
9772 4632
5584 1917
3181 6926
1787 1870
1454 9056
9414 2882
9858 21
4263 6145
2510 3157
1534 1918
459 5149
7408 8160
1203 3856
846 6910
3222 2701
6114 5660
2960 7194
8610 2365
21 75
7727 3469
4399 632
2022 4624
3543 4544
1373 2896
9862 5117
4121 5902
3940 1448
2538 6283
9209 6943
6560 9309
9855 6679
8954 4686
9567 1736
1150 8846
1907 6758
8431 2419
9403 3235
9991 6130
4523 1748
7293 8032
5041 2559
3307 4325
3850 4804
7107 5675
4687 7034
849 2113
7081 9750
4460 4623
864 6201
4931 1343
3579 2732
6184 7304
9587 7570
6969 7740
6794 188
8383 9449
8255 9374
1507 6161
7108 1712
5649 7799
9457 3420
3511 4676
4839 4302
8036 6943
2361 2524
3303 351
3945 5594
6776 5227
5445 1253
7086 511
8928 6215
1003 7723
5634 272
1352 6472
3028 8268
8233 7481
134 9597
982 7857
697 3256
3714 2072
7479 7138
6871 7991
8427 393
2570 7250
9341 9875
9044 2973
72 1113
2184 1209
380 9200
740 4289
3219 6846
1005 930
796 9786
7114 9914
1262 4086
8929 1175
7141 4930
6806 8246
6434 6863
9418 6423
1636 3934
4960 2304
1141 7657
996 7561
1012 5537
720 3543
6354 8122
609 5599
8372 8827
8169 7211
3583 951
1574 6971
7685 6413
2687 4770
2392 6255
7757 6612
351 9117
2106 4124
7606 7449
9646 5694
3010 613
7088 3077
6345 2871
6104 7323
3848 5742
4593 5911
429 1561
3429 4499
4223 7380
3542 7003
2232 81
5913 7209
8547 1064
8052 4344
7037 7963
7773 7074
2702 2589
932 739
1475 7572
7025 6544
7366 8943
4279 6475
5471 6114
406 6000
1299 5772
5147 8206
4911 4621
8147 8709
9969 4157
1285 613
6100 4379
151 9383
5593 5111
1091 902
8236 1478
7320 3111
5977 3856
1981 4716
2852 5389
9369 9845
272 1908
2689 5251
2488 5478
859 5304
6219 818
6301 3353
7533 8545
1950 5423
5534 3238
9299 2568
2549 2946
7753 243
8770 2573
503 1383
3761 1103
1098 109
7578 4009
1927 6420
2043 8564
2103 7573
2373 5501
4751 6385
3482 6616
2981 2295
78 1362
273 8427
2074 6267
3106 4546
6568 9895
4875 3123
2290 6966
6301 1613
8658 1363
6953 906
569 9210
8083 461
3145 5175
9554 8602
9459 7387
4677 5316
3382 3451
5249 1668
8641 7187
3692 3198
949 9689
5585 7724
1434 4976
477 9970
5605 103
5994 8043
9983 4892
1380 6350
7514 7834
2701 2211
2405 240
6065 2891
7577 5077
9370 5553
2076 9033
4041 2150
9402 9172
4236 1310
7445 5511
1588 6119
6804 6880
9112 912
5853 8523
8825 5258
138 5883
7607 717
7859 4109
7435 4398
9713 6489
3066 6334
3810 85
9976 1976
6425 4602
9819 9895
8075 2033
995 2013
9458 4391
7421 4778
9554 194
2034 5293
481 8110
7591 8556
2106 4330
1623 995
1797 1047
285 2396
9726 1237
5842 2372
2079 7852
2714 6950
5909 773
5306 4102
4991 9274
8587 5776
5784 761
2455 3383
2299 2638
4015 5499
6556 1830
4605 3974
7257 7159
4381 1284
4184 3797
3578 1609
5478 604
6439 3137
6721 8335
6232 3223
3648 5467
487 2624
2664 4025
4823 6820
8851 9700
9151 5723
209 3084
8937 7346
2789 3062
2171 78
1191 3819
5242 39
2844 7368
2291 6439
8918 6768
6196 6698
5724 7169
2057 3291
4300 8638
6429 581
7206 5377
1138 5454
1008 3492
6309 9532
5052 9250
1657 7939
942 1157
4289 5686
1607 5416
6458 3051
3136 5400
4182 4350
4369 6432
3539 1417
4508 2624
1271 7994
2687 8927
3350 3802
6066 9499
9950 2362
2528 7370
524 9333
900 2170
3816 8292
6220 7914
9311 7348
1391 2025
832 1011
4653 5735
2828 7524
5911 8096
3969 1766
8430 3307
5578 89
2417 1682
1549 4696
7512 9414
7625 1032
2460 3828
5965 8552
2061 3685
5599 6020
7942 7279
145 9168
4503 9581
8789 7750
9023 1425
5075 1222
8902 5730
5374 2384
6831 8532
1366 5707
1516 4232
5762 7884
3488 9399
5767 3963
9971 8315
5022 7723
2256 5719
6598 4010
7603 6327
6476 4257
8721 223
3963 3229
9589 5453
6533 8772
5 1340
9993 6205
5364 7340
1060 4612
6824 6270
7051 8370
123 4036
9962 3939
6928 8751
7070 3671
9865 9680
8958 7558
2697 2440
9909 8267
4995 123
7933 4717
89 8723
1811 8841
1582 2188
6780 5083
8276 1708
6664 8031
5640 6780
4325 3158
7922 3539
7571 7102
7555 1467
8560 6576
410 7389
6343 2631
3898 4609
4914 5790
1165 3222
933 6210
7294 5098
1371 4966
9659 5243
4186 8059
3157 1650
6636 1299
5992 4839
6986 6395
771 1801
726 9253
3365 9934
2948 8472
7209 6760
4626 4565
2123 1706
9632 675
4298 1779
2401 7858
8734 1587
3051 7424
4337 4877
5171 93
8869 2423
4049 121
8342 8087
8007 4153
5445 9051
454 4939
6768 9786
9781 1370
8052 7537
9079 1430
7904 6423
6306 4490
8804 6223
2869 5687
9388 3210
6529 4658
7738 3727
3789 3876
2818 8683
5460 8458
6403 9363
7578 4579
2407 9568
7191 7019
4747 7864
3230 1771
9447 9955
2618 9412
1993 2301
4398 5290
1224 5968
846 2433
1412 4034
2174 4427
1993 825
1130 248
400 9837
4878 2979
451 6777
6406 6990
2608 9726
5379 276
2896 7892
5212 2392
8100 9633
9592 7222
3277 5022
9900 9104
6504 3267
5404 2001
1886 8907
5231 7374
4523 4144
6635 7682
4166 8208
6847 7256
2509 4313
3197 9688
3602 6345
3523 3669
9531 5468
6175 9626
8439 8958
2758 9167
4461 5614
7993 3233
2353 1345
1624 1770
2374 7972
4980 1792
4734 4998
7377 390
2462 6232
7797 4598
3404 8437
5826 993
8635 9964
6587 6597
568 3380
7880 7463
318 9380
598 9675
2608 4445
854 6687
7232 7531
1640 9321
845 3061
4322 6985
2932 5951
2357 699
2502 5494
5707 9982
5031 7998
8955 2328
9699 4342
8095 9641
6302 5273
4991 5884
7702 7281
2573 2736
1101 7900
48 1234
2282 7231
3845 3168
3720 9875
5708 2367
1351 4318
8623 3621
3254 5511
1934 6967
8026 4079
4710 7503
5687 3814
7221 5183
245 2172
3038 9379
5391 6302
6041 1847
4448 5031
1697 2422
991 5218
9149 9834
9026 4760
1604 9221
6878 8557
5291 9879
559 5790
5003 4309
816 5261
9168 7157
5544 8562
8256 6654
1918 3385
4688 9564
4874 2022
8687 7352
463 7266
9566 3374
1718 8360
762 5962
7413 8928
6170 8046
5404 4108
53 696
4611 8454
1415 6447
282 4305
3983 918
507 5833
2383 9008
4248 6527
6894 5729
6160 2563
8714 9499
2491 1946
783 9129
1966 7308
3932 4805
5231 8501
1362 1794
5898 1569
9846 4617
711 3366
3765 9477
7521 967
3419 8300
2778 3758
7438 9939
3365 2105
7261 3552
9808 9133
6728 6781
8776 3587
245 9185
650 3086
4286 4942
9650 6601
4433 4917
2296 3176
1645 9387
5807 1257
9605 5024
1641 4413
7650 3318
4378 1622
1554 2517
1466 1200
9133 4721
8019 2708
8252 6544
8171 7815
6306 88
5102 3750
3208 8734
2430 623
1186 9931
7084 4176
4124 3976
3079 7280
4981 8414
3878 3436
421 4367
5553 9279
4028 3037
4772 5491
7703 6973
5185 1550
5448 6864
3815 6687
2863 6922
5202 5961
4251 7569
9918 1733
4833 239
7563 4205
3176 9417
9899 2467
5431 6261
4121 4617
7165 2645
1930 6756
7386 5705
3288 5017
2893 4441
3078 3912
2035 2935
6385 6675
5585 159
8889 7459
6109 4772
3827 6448
6708 4321
9395 9166
471 548
7202 2562
9159 2018
8929 3010
429 9074
2986 4386
9004 3816
2543 2249
6038 3832
1307 4330
2760 6840
7178 8096
7667 5571
131 6550
1885 5170
7217 6053
6419 1153
6851 3651
4505 4440
7198 6221
8747 5210
1772 652
6370 6066
9713 6973
8717 7575
8331 7109
3677 4124
8395 3498
1341 4245
7207 7263
5695 8090
7324 1312
5995 1404
7758 7129
4982 5292
3459 774
3748 8911
8751 5631
4895 1206
8204 3
6278 2768
4927 623
3749 6085
5649 2332
4440 7489
4752 7853
740 7208
6326 570
1158 2755
2718 8280
9797 5087
2197 2709
7151 603
1529 5736
1130 4975
1532 6259
1986 9541
9993 3241
7571 3230
7765 1228
9638 543
6189 906
5652 8029
2080 1079
1890 4436
9606 2209
4511 5950
6673 9020
8011 9945
9832 7287
921 9788
4302 5346
6003 4942
9752 4984
5309 3927
6644 9441
3360 5199
1440 4121
5221 6406
4271 2594
2259 8999
5589 236
5154 9847
1397 86
6858 3182
921 1205
9366 9350
4988 8338
4979 3309
5189 4777
485 2474
4375 951
7831 1673
7534 7803
3480 2157
5046 3995
4720 1095
7194 1411
233 9980
7081 4682
1632 2725
743 1121
9476 3219
755 1207
1982 6936
2965 2000
2224 9013
9168 4569
8472 5029
3164 7566
2159 82
2602 9742
4973 4051
4713 6083
9914 5656
3642 1066
835 9864
325 2224
8727 3039
133 1092
2619 6690
2223 7030
9444 8818
8926 8995
7388 1948
1969 1710
543 3894
1734 3221
6982 8574
2895 247
6614 1152
2894 2740
8701 4068
7288 7939
3891 4820
4578 1685
1454 9210
4188 1345
7671 5556
2785 3571
1579 460
838 9066
6921 9529
8308 7476
6519 5072
3213 1531
1681 9173
4617 4265
3776 9146
3563 8572
1067 725
9777 5217
3637 9646
2898 8856
2498 9498
2641 8109
3299 3367
2653 6650
1226 786
2109 1057
2033 9161
1364 3112
7730 5539
4682 9359
64 5602
2212 8398
1035 4758
1251 5092
5158 2828
8045 6589
8832 3029
7321 7877
6277 8260
8813 2942
7628 6227
5638 5783
7359 7516
2315 2430
8508 1527
3493 6734
9219 1369
4953 8513
2596 1058
4990 4333
4828 4292
3731 6861
5423 6889
1080 7279
5245 9321
3155 5436
5384 7070
2718 5681
4726 3306
1828 2339
1945 6265
9614 4387
4443 3260
3140 9595
652 9495
2965 4059
7722 3275
846 8238
7193 6794
9365 8855
1997 7562
6235 716
516 7191
8896 9921
6144 3687
6104 3651
2905 5807
3930 7411
4593 5594
9758 2938
330 478
4378 5451
9172 2549
1925 6641
676 2800
9347 3909
4116 6659
681 5788
7554 3435
8905 3552
4396 9418
878 1449
535 6766
8776 4198
4614 6401
8532 358
4635 195
3129 7071
3768 6579
8959 3983
7538 9441
351 6398
1285 8979
4615 7322
7432 4695
9143 4318
6622 3382
3035 8117
6908 4954
5858 4515
917 3594
4108 2307
5463 9860
727 2279
5715 5251
9005 5380
5757 1721
2662 5346
4766 7877
2965 1035
7361 1755
2588 4756
9204 4808
2641 2195
8095 6518
7025 2815
3073 6386
8963 565
3812 9347
5878 5633
9420 438
6572 7417
2781 7528
6151 5332
7752 1805
5149 385
2503 1862
3012 5210
5048 6821
249 9518
790 2649
8759 4987
4111 3619
5080 7371
6873 3120
3912 1864
3469 4447
8974 2546
455 5479
9780 5581
7374 2236
5862 7089
6591 7328
7296 2959
2117 5052
1289 8085
9613 6842
1679 4398
2577 4342
1597 9550
9950 9579
5697 1265
8488 6086
5924 1000
9650 9841
6193 4407
108 4875
6320 3113
2128 3929
7288 4933
5468 2421
4918 9325
6364 4306
9814 1105
4709 8846
2070 7967
2412 2033
4501 7090
7895 481
2923 7193
7657 5787
4606 8862
1903 615
1090 4680
4277 8745
1295 2091
7704 9944
3613 588
7335 4096
9578 1223
7155 6540
2518 2245
1958 7470
1889 880
41 8714
2987 2128
6513 718
6230 6301
7043 4783
6692 1021
2504 5872
7010 4768
3109 2275
4616 8244
6642 8581
5178 2079
3450 3699
5056 53
4901 6352
3822 6401
4785 560
4287 914
4287 1579
7289 608
1993 6994
6329 9392
5788 1286
7987 3869
5412 622
2997 8322
1863 3003
4219 2346
8282 3342
6744 2609
4710 6597
4312 6784
4648 9810
9882 9427
8719 3034
8133 9633
186 6976
4530 7871
7451 4183
1676 1233
4606 4841
3298 919
8295 5958
6713 4510
7429 9155
1881 8483
1350 5391
5461 4760
950 4134
9740 1266
107 5438
4451 7472
4412 311
6329 9859
9637 5737
8083 7943
8662 5432
5323 3899
3679 5007
1654 292
843 2889
165 4470
4380 7555
1959 9540
7240 4856
621 8919
5266 8162
1147 4554
360 663
2419 8600
2505 5922
8893 1808
5941 3516
7133 7308
6452 7187
9017 7440
1883 9299
5946 3439
1885 2288
5477 5665
3963 9464
8777 7423
347 336
8148 8772
1882 8130
373 3856
3062 1973
8443 7831
2534 5792
4110 1145
6561 548
4714 4106
3908 3393
1704 3256
2550 4578
2626 133
6853 6417
8568 770
7407 6026
6096 6372
5971 4638
4157 2446
9267 552
4267 2767
159 6952
5115 9004
3713 2739
3171 3565
3608 811
6235 5883
894 5329
7932 4866
8461 1576
5162 8577
9775 3125
7134 7040
8589 3698
2974 7858
3292 4583
4368 4540
377 2540
577 1677
2007 4808
5205 7210
3495 7749
3894 2090
207 1552
6946 8327
9328 5797
8841 5188
1524 3353
536 2616
5457 9907
6517 6148
1337 5758
8665 9641
4206 9104
4216 6287
1055 6700
4413 1254
3122 7047
1504 4972
9020 4077
3533 5238
1925 1947
4205 5108
4304 5761
6027 5831
1852 9115
419 469
3232 9881
1095 9328
7513 7637
8574 7993
7156 9860
151 2962
8075 6539
4154 2911
378 329
9696 5682
4999 4900
3195 806
637 9723
7422 6031
1361 5995
4228 1626
8150 6639
8411 4
8589 4079
2783 6168
2811 2252
4963 9614
4092 4592
2945 803
4545 4997
3670 6094
4689 1820
4634 2832
9788 9573
7546 8703
7975 6302
8007 471
2893 651
3438 4383
3908 8474
7076 2268
3606 2626
5113 5617
6975 6673
3455 427
7762 6289
8615 6624
4528 9591
1167 6079
9707 3222
4674 3590
7755 2259
600 1984
4256 7570
9966 9007
7467 4964
2500 7975
8558 7006
8398 5080
6624 9890
1423 9214
3868 1528
9945 7907
767 4910
4460 5816
1691 6677
2619 5346
4293 5682
6976 1494
9261 7918
4040 3103
9389 1633
7734 1511
8618 737
8686 8285
8995 2099
8167 2699
3580 7840
5672 2282
9932 2204
5707 8340
8547 9642
4519 6429
4610 9611
5415 7177
751 1002
1797 994
7603 9039
6486 7254
5766 1036
6712 1156
9978 2297
5344 9751
646 7254
5091 9818
7406 8593
1091 3179
3111 5575
7932 1991
3656 3734
4407 7942
5328 3107
4475 7292
2544 3198
8308 8534
3413 6165
5289 1315
7782 6299
8300 445
8903 6382
1429 3038
4295 7293
170 1096
1555 410
2198 4095
8176 4977
1503 7992
1575 5674
4585 8334
7894 4891
1710 6019
574 7397
7715 1360
2780 5797
4829 4517
2331 6760
9846 3645
5654 7783
9115 8769
4825 8753
2286 7151
9560 5857
4967 9989
7195 127
5930 6467
7973 8826
3956 5797
8945 1523
2523 8499
7978 3697
3761 5902
9669 3461
7552 1424
9732 7204
9855 85
978 5983
968 8142
7844 9138
951 6490
2207 5728
8476 8772
5382 9143
6752 400
4101 2370
9928 1793
3399 5209
7839 3877
8054 639
4518 3135
9239 3392
4962 9440
6627 856
4485 7556
4637 9669
6675 5598
708 3970
7103 5329
4648 7592
9114 9381
9988 7011
5396 8307
6833 6450
1363 1428
7842 4607
1213 4890
859 7245
7072 2307
2113 4787
9506 2995
1870 3133
2948 5983
6278 9878
526 1897
6901 8685
635 6732
838 34
4126 5023
7393 1646
8121 6792
5145 5615
2105 4741
7 7249
5626 3827
5975 7554
2457 5028
4870 1778
6206 4701
8002 2113
605 4266
4169 9687
4572 6109
7452 8685
3238 9494
4710 5297
455 7277
2626 4484
80 1438
3321 9926
4173 9034
4774 16
9013 9553
6273 2371
8159 6278
2356 4501
2389 4065
623 9206
8111 9718
6805 1196
2961 6395
708 969
2303 8976
1603 2578
7506 9584
2741 4147
8959 5286
7040 3129
9606 2075
2297 5705
512 1883
9060 7611
8622 7197
2645 7827
5623 6885
9983 7543
2744 1707
2199 2960
9560 2194
8892 4298
9255 3524
6918 1628
2446 6228
6764 4291
9277 9499
81 9119
4206 7321
6120 404
7616 6652
3870 7534
1539 9685
9836 7221
8871 5318
137 3648
1820 2990
1514 2588
2885 4471
4949 5417
1619 6609
3856 4746
5652 1242
5934 1889
6804 4451
4931 5314
7308 8993
2946 2429
9095 9509
4687 9728
7513 6403
7604 5996
1984 5985
5757 9102
6574 7265
4842 725
2962 832
3439 3817
2334 564
710 2863
2607 3788
6505 9342
3681 9281
6593 6623
8784 3442
1401 2501
8232 9392
9639 8854
9815 4585
1362 3172
5669 7193
3352 4608
6543 4178
520 5725
8080 1661
9536 8222
9020 8651
9277 4650
8525 3413
9823 1
6172 8145
6964 2280
7386 6993
9761 4824
2333 8046
2835 5010
7833 1071
8475 1435
8842 9734
6671 6686
2206 5966
8252 1086
5996 2718
4470 3299
9465 7223
3629 128
9198 1148
3439 5946
3684 9671
4798 9617
5742 9193
3519 3972
4614 8032
7324 4740
142 9592
5471 7838
6734 793
182 8463
2446 7940
6189 876
9280 715
922 3297
6045 9176
6651 8962
5391 9212
4586 5600
8225 9739
9495 6860
5645 4705
5841 7013
3883 3665
1898 6546
3997 4222
96 7079
8235 8935
3084 3773
5582 9929
11 2348
2980 3957
3084 2593
2145 4430
84 8923
2947 4831
4533 496
1926 6396
8680 8751
4863 7576
4607 1204
8694 3961
5970 5661
9554 3149
4652 885
4706 4817
5251 6083
4710 9553
6935 7653
4051 5374
8178 3887
3963 5378
1031 2765
5953 9109
9199 4460
6032 475
4904 236
9986 3190
527 1669
2304 165
4271 8693
3281 2269
9660 9531
436 9135
1463 7192
3465 1468
4046 5181
7932 2714
9042 2399
6362 1246
8309 3634
4468 6845
193 9431
7192 2915
2685 6237
9732 6627
7462 9475
8308 9550
9234 2367
479 9171
830 7433
5651 7472
1847 6975
3531 744
732 9230
9526 1014
1463 5660
2353 379
6449 4963
4267 4522
2376 7567
1456 9230
3269 6399
7242 2494
2595 7163
298 7639
1748 5503
7605 3787
5466 6361
1874 6558
4626 5990
6766 5489
3993 5406
7551 7954
2663 7932
6811 1051
8698 8190
1948 7399
7042 6800
3938 4843
8323 3360
7964 6444
1907 6575
2311 7001
9790 1851
795 1102
130 8977
4034 2082
4784 4862
3301 6488
9240 1708
1110 3851
7375 4681
1930 6365
196 2971
6367 4485
2888 9409
2403 4007
5384 4444
5204 6906
6161 7280
6958 4921
4317 2323
2789 3574
1017 4465
5956 3089
7091 6087
6103 5632
7688 6254
5656 4957
2709 9524
9641 9042
9958 7765
4930 7559
5057 9623
351 6937
2443 3306
8582 2933
7131 1015
8050 9196
8508 6780
1520 1232
9909 3491
1501 447
9471 5525
5076 8793
3314 543
8905 9409
8625 6218
7178 1811
2368 2521
4534 4553
3612 3289
3443 5834
1302 633
256 6009
5087 1271
6603 7835
986 8875
1901 1365
7245 1367
3336 6774
7350 3662
7493 5487
289 7693
286 2766
9157 3450
9578 5965
7089 2803
491 1688
5142 4175
1080 3856
8467 9727
7307 1018
1138 728
5034 4483
7554 4218
2495 3255
8190 5457
4600 3106
1609 2727
8353 4836
1868 6129
7163 2850
4269 6054
3265 1270
3340 7831
6973 8877
3878 8714
3530 7815
2934 8480
4004 2758
3603 300
1573 3538
7624 9383
9394 7366
4534 2532
5121 1269
1516 3794
7004 2936
440 120
7215 806
4881 7321
2161 773
5799 4968
6362 2612
388 5284
9045 335
3278 6280
4233 913
8916 7138
7564 158
9444 605
2054 514
5366 2787
8318 22
2398 6154
6154 5383
8935 5242
3747 8619
2106 808
5270 1752
1235 4901
814 5726
9795 5442
7272 1231
9507 3267
9835 4615
345 4157
148 3683
2749 3941
7240 6919
3311 4557
1455 2657
6486 1216
5552 1148
4974 7582
1398 1258
7900 9726
9624 6405
6721 1658
6869 6165
8505 3465
196 8685
7260 9343
5554 9683
2484 350
3699 4861
4228 2690
79 8644
205 9435
1132 2730
9377 4368
8276 375
8145 9795
1553 3040
3068 9533
187 863
5591 7966
3558 7911
3051 5334
2156 3753
807 5003
968 1392
2139 5188
9339 3443
2643 2949
6815 5936
8578 5394
7287 7490
5591 9708
4156 9508
2679 5790
3418 8202
563 2150
4230 6787
4376 7071
8773 1205
4764 4073
4569 1830
6729 566
8710 1560
9181 1854
756 3767
8458 4391
3127 2972
9160 8602
8864 8576
570 4092
2405 8539
2789 8361
4406 8746
6501 6111
4100 4805
375 672
2232 2366
1599 3453
5105 9258
5195 7294
2940 640
1904 3507
477 8876
7304 784
3042 830
1595 981
1831 4904
2928 2973
7433 8610
5159 1586
5604 3733
6659 4128
8987 5349
1088 1665
7769 1210
5722 5287
4426 2647
9327 4156
9100 1053
719 7612
5647 2101
3666 6020
4818 4490
3448 5601
5816 5463
6767 2924
1823 8327
6617 1621
4810 1221
3992 7156
6185 7410
5569 8107
1324 4123
2984 3938
1985 6514
6230 3060
8411 4019
6256 9850
5817 5119
9732 7538
7924 4238
2197 8297
2765 7761
9736 9926
5886 5193
136 941
5740 313
7431 3901
6317 8723
1801 9226
1791 3270
269 120
4491 1374
7696 6839
5035 2496
3990 311
5801 7116
9607 5950
9893 5866
6641 8302
5301 3135
8532 7547
2095 764
6169 610
8058 2679
4688 7276
6052 6500
4395 915
4062 7477
9338 1014
9917 7104
4553 6002
4098 3501
9371 9955
4059 2367
4251 2021
698 8270
3680 8117
1827 3912
727 3583
3196 805
7641 8051
9041 4818
5187 5831
5250 2164
9299 279
289 9148
4558 9642
1046 5805
8477 3184
9416 7546
3837 5277
7570 3627
1227 2519
2026 7560
4710 9618
4976 7300
4074 9215
9937 1552
2917 5851
6907 8155
2015 6075
1722 8250
6052 4516
5904 7533
5086 9422
5001 619
2823 8959
9913 2438
8896 6497
4519 6231
3430 1623
5009 3001
1303 2852
8650 3482
8491 3356
9838 7006
870 733
6306 2302
8019 3709
6373 8219
4072 1454
5337 3393
7458 8286
6651 6586
9222 6327
9809 7909
9659 6045
8924 1116
5500 3784
6969 1630
9140 3370
3778 5023
1413 4016
7416 855
2368 3955
2943 7265
9120 1252
3896 724
6678 5424
1265 4098
5479 4944
1315 5472
1490 5277
5776 6671
2402 2993
9124 6916
4673 4956
8598 6264
9427 8638
5267 2264
1269 9658
8695 7107
8781 9875
885 9253
1409 9228
6930 806
9210 1268
8097 3489
8460 6769
4543 5434
8106 9560
7791 1030
1563 5379
7439 1973
478 1471
7520 4148
6225 5875
1881 4989
3521 8649
5672 8716
6865 9163
6204 8773
5449 5177
397 7148
3774 5983
6526 7720
7350 3008
8130 3611
2917 4082
1972 3207
7386 7414
4248 2968
4635 9559
7423 3452
4445 1173
9207 4996
4016 7743
2234 8884
7852 468
3169 8942
2281 1977
9912 381
7807 8773
4324 6076
3845 6439
3571 5816
4129 8930
7533 6795
3799 7459
6330 3309
8374 831
8426 7770
8983 3519
8559 7118
9722 802
7044 703
6756 1562
496 3888
717 6431
9119 7489
4365 505
4601 9976
555 5137
3087 5532
6488 3672
4601 8864
4855 288
2016 25
6149 2072
7530 1084
5642 165
4055 5620
839 9033
8956 4854
1513 3068
6191 2199
1785 9225
2351 324
1778 7808
3228 7113
1740 3255
4777 8414
1791 6620
2554 9014
2315 1144
145 640
2428 9438
3548 9452
5848 2281
3011 3184
1874 8329
3311 8762
1824 1953
6127 1673
3520 9146
3731 4741
8148 984
4487 8538
2011 9704
1369 8799
9840 896
2864 9476
6994 6944
9402 9825
2186 8321
1713 6820
6941 9260
2790 8273
628 6712
3912 8336
5073 688
1896 9108
81 516
3275 108
9730 94
2583 9839
6734 2452
9393 1704
5529 9989
466 1095
4587 3447
1139 8246
2842 6172
5242 2848
9301 1291
6675 8454
8905 2049
9787 2698
3434 8327
4529 6644
5131 8593
2477 6637
8865 3749
6555 6799
675 5398
8512 7400
9262 8049
1051 5769
8837 1371
626 1924
2149 5752
2985 3871
6538 8658
6342 4491
1342 9608
3561 5811
8425 9812
3030 5429
520 8768
9765 3754
3697 3266
4507 3574
8123 1176
8452 886
5266 2188
8840 1983
4471 2758
3150 5483
1308 3269
2513 4359
6835 7310
2983 2823
4734 9194
2702 8222
2027 9326
8053 7205
3969 9336
7065 6885
2881 7449
1189 7821
6796 3367
7046 9872
9043 4576
2717 842
7424 3299
7473 7355
3421 989
6878 2426
9743 209
8595 6252
717 9128
1121 1687
5774 2322
633 3002
5834 6214
9941 9818
5687 8579
5360 3847
7105 364
7003 9912
2941 7943
3164 365
617 5757
1709 475
9512 8296
8475 556
839 3070
1696 9024
879 1384
5269 1406
1421 9952
9068 3185
8526 736
3639 9801
2785 4567
305 129
9076 4552
84 3112
5611 4324
9707 7880
5243 9632
9803 6299
4527 8087
2371 207
6491 8203
9493 2602
9377 1161
9770 26
4475 3066
6005 5465
5938 8906
4297 8766
9466 928
6237 7120
3546 6849
4555 7386
713 1339
7861 8696
5370 6485
2542 9992
3941 62
2880 6608
3979 836
2 3575
2605 7930
1699 3609
2685 7795
7162 4311
7499 3609
7475 7684
3593 4889
4172 2051
1373 7882
1304 8660
7697 2573
2410 5340
913 3394
366 6864
7742 9992
3756 1529
8370 1260
3811 3116
8770 7792
124 4603
7135 5866
2168 2355
204 9793
8991 6091
4760 4342
4066 7569
1588 4067
222 8409
6574 4008
48 2077
156 8204
6874 7530
3272 4347
5903 8324
9046 4669
4219 3019
860 6872
1644 1473
6436 9911
1512 782
3497 2351
8428 3387
747 606
2212 7472
362 565
8574 19
5660 7708
7617 1574
4278 5034
1891 160
1007 217
1955 9614
4153 8295
2330 3657
5639 4309
4889 8793
1898 9041
99 4346
8088 7567
2348 3224
7700 2835
615 4549
401 5909
4689 1624
6896 8395
3463 8419
56 4465
9267 1749
9024 3563
809 3081
2011 4134
1746 7582
1828 1554
7732 7463
2766 1073
4048 3593
6557 2840
986 8003
6424 709
2487 1244
6501 1820
1104 4232
3260 6114
4570 1049
15 7413
2721 3852
8106 4156
3278 9484
3967 8354
7977 2989
3915 6022
7030 4338
7777 8421
6015 5844
1742 9501
3949 7152
3501 4033
6069 3523
2705 1595
3094 9552
9459 6848
4796 3523
8344 1970
6062 2023
2813 3852
4385 5010
59 4995
3268 6146
5578 6503
6921 7476
9388 6044
6656 2667
5709 518
4243 526
2579 382
3140 4524
8433 867
360 9682
7034 2363
5610 6146
321 7857
1493 3489
3527 3082
288 9202
2439 5301
5819 8330
3977 9509
9822 2196
2964 9832
5760 8745
6955 9876
6829 6373
3072 5629
6754 7430
9819 7594
632 9165
8372 7020
938 5556
1856 98
878 4340
2121 6316
9776 4708
4976 3031
5845 2768
2806 1578
4711 1382
1884 4940
5784 5872
5431 2078
5084 6447
3785 1465
2729 5560
6031 2654
7735 4668
9564 5528
9468 3842
3649 1220
2926 3314
5560 8757
275 6624
8380 5603
6454 7594
1841 6400
9113 4891
3168 1218
4201 9292
5323 5343
7750 3006
5114 4036
5044 4248
6601 9195
3401 3859
468 357
9563 9010
9911 883
857 5543
6965 1394
9496 6277
3063 1047
279 8542
9357 2829
6563 7922
2309 7302
158 3605
4112 7921
9997 5958
1870 3372
1934 2531
6842 8426
1955 6389
1989 9688
611 8723
1530 6163
9510 3826
8796 1461
4953 2576
9145 6920
7297 4455
7457 1544
4885 3509
930 3120
7697 1175
520 8101
6275 7956
113 7775
5949 2908
5861 1589
7400 9436
5351 6825
787 590
45 9836
9243 7402
4997 4341
8905 4604
5501 3448
1188 4995
1709 1547
3972 1586
5666 6384
8508 8282
7668 4594
4272 9372
1647 2863
