10000 10000 10000
277 1725
3622 5435
7129 7607
426 3883
8231 6175
2691 3656
347 3623
5217 7747
5890 8662
6984 2827
3071 7729
9751 5978
5308 855
8633 200
6400 8524
9182 5391
3402 7949
384 1308
4289 7986
941 9365
707 1735
7570 5054
3054 7125
540 5401
3311 6824
8949 2329
9696 7233
3820 1067
439 2955
9590 9610
4364 7594
939 3701
1604 6475
6742 5145
1479 4623
6669 4685
4467 863
2711 8342
2232 8333
3890 4920
277 1733
1923 2678
3575 4811
7939 5058
5533 3857
4349 4878
7383 217
5752 5757
5661 6514
7845 6247
9808 3544
1729 8169
3264 8957
890 3111
2274 4957
5449 2075
4474 3951
8737 8768
4283 1435
9365 7801
5247 9351
8692 6819
8134 3673
3200 1081
7423 1388
2062 9808
9365 5281
1378 8153
7156 1676
7756 5438
406 2611
9800 8731
9240 621
8155 4993
5667 753
3320 7984
6312 3941
2163 937
2579 8334
2691 7003
2010 3417
9987 241
1666 4453
8868 8976
2541 6016
510 7522
2108 8549
5902 2103
7117 622
9172 2719
1584 454
1929 5662
7235 195
1891 1407
7030 4230
7563 8566
7529 1411
7304 3432
5633 3279
1671 5229
9493 3176
9871 138
455 5053
9025 4156
4783 3096
3393 1900
3970 4981
8807 6228
3589 7502
8615 221
7846 4825
1252 546
5123 6742
6369 8334
3948 866
5558 3750
6798 1245
32 8075
439 4464
3110 6845
5770 8623
9226 2209
139 9195
7867 7561
6933 8030
1560 337
8371 4492
662 3472
679 300
9535 2682
7971 5379
5576 418
8489 1485
4611 5869
7478 2192
2924 3459
3482 4455
2746 5694
153 5859
8707 8932
3290 9501
5468 5089
4605 8307
3392 924
7362 6927
1700 6188
4848 2195
6351 4208
1995 1264
4075 4347
9218 1014
2604 7003
273 3263
7960 6133
9178 8371
1496 1820
9186 3321
5589 6344
2938 3719
4996 3826
5514 1350
5078 2491
7755 2621
981 6077
4677 6226
9612 8897
5007 2366
3924 262
8235 7145
2150 2331
399 8705
1641 4995
1906 5948
1031 1024
2669 5390
2718 6428
1932 9866
8925 4024
7917 1862
9812 5741
2142 7736
7770 2485
9168 6487
9230 3036
8464 6560
7437 9885
856 691
6195 6177
9983 5126
8769 261
7263 898
9013 2157
6379 5063
8246 6296
4004 364
7215 7433
7648 1807
1820 2096
2371 3122
9720 8428
8281 6026
1843 8599
7239 6939
3886 4254
488 6486
6134 265
4739 1360
4847 4118
8570 2523
3937 7569
2023 8952
5879 5042
386 5727
3010 8138
8217 1816
9479 2925
4326 327
1986 9958
550 1065
6911 2617
6172 7490
9009 9992
7938 6827
3773 4750
3706 9532
3732 2736
6261 3452
5451 907
2740 4357
6158 8276
5284 2876
5213 2151
9241 4863
2842 9131
3027 6407
2237 6960
2591 315
4487 5272
9086 5755
4291 5575
6013 764
3906 5752
1752 3146
8138 8106
9753 2813
2981 7369
6665 1637
1182 9025
3459 9241
5763 6548
8529 5940
9217 5988
582 613
3871 2625
1296 1449
9914 6920
4594 595
8241 2295
2140 5653
2389 1575
2332 4280
2505 8473
5347 2881
205 201
893 2232
2947 5593
3185 4131
3561 1242
2694 6229
1969 535
6807 4674
5819 2731
5518 6241
9510 9114
9110 2114
2383 9175
7644 2337
3039 9821
6802 9035
3120 9122
8669 3693
949 2526
256 4599
5063 3454
2515 2945
2836 9008
7573 9654
1329 5695
1150 4543
1967 3087
9255 9092
6844 1842
1627 1494
3961 6444
979 1525
307 2830
2453 4001
6596 8795
6800 6181
6070 6524
5921 1140
862 5655
7854 2898
8851 1569
9744 5830
2128 7919
7360 1574
7132 3326
5825 7995
8555 9698
6552 8736
1430 4170
8150 9100
6589 343
2966 7453
5005 2104
3340 3204
8241 1834
7690 8484
5135 4514
5586 6124
7872 7704
1373 2396
1045 7664
5611 8634
6536 3929
7761 7862
6914 2450
4408 5763
777 9536
5446 7872
7941 7535
1064 9560
8486 394
2483 2390
3821 1727
8406 1072
4576 6349
2257 8466
7486 3575
3464 8173
8851 6182
4832 443
5805 6515
9098 5104
4152 2704
7502 6988
2301 6288
5787 49
929 1088
2485 3443
2245 8910
7042 5900
3547 1903
3870 3909
7318 4100
8473 9858
7932 1012
5938 9813
5365 1523
5692 1522
3899 2793
7751 9917
9356 103
437 7205
1253 1184
6604 1596
1920 3406
6723 1400
9645 2879
6233 6589
818 9711
1752 9720
4478 6686
922 1208
5453 135
2744 1641
1337 8861
8510 2606
1846 731
1371 886
1000 8318
1107 206
7376 9987
5725 8056
8321 2309
2541 6209
6831 1818
150 8543
9795 2990
7400 3412
6755 5954
5761 6786
9759 8007
6114 9159
9700 4449
2362 6317
6386 3432
6154 3077
8045 3546
1862 1746
992 1128
2626 6992
4844 3797
2824 6265
8844 6889
2069 5593
8495 5220
6414 1737
8288 9996
1035 8378
7797 7808
8309 9120
8778 4663
3877 7096
9792 5450
7863 4160
644 1247
4110 6586
1032 5842
2082 7822
4893 5158
3647 2252
8697 4838
1549 4310
5664 1864
6769 4928
1597 7393
8316 3943
8206 33
5866 972
9275 952
957 2609
372 2805
2133 5163
5486 9752
2247 5274
8962 1053
4319 9004
7584 7982
8041 2916
8765 3915
8246 7850
4241 6672
2742 741
197 5045
7187 5423
3348 4500
5003 4515
470 2436
8194 5146
2758 5217
6112 2025
3911 2254
7704 399
695 9161
2725 4866
8819 220
2749 818
4967 2789
3013 3846
6542 5776
8748 8365
1477 2522
6223 5929
1658 7006
5099 3723
7721 2793
3218 9029
411 2916
7010 4531
6636 5906
8730 663
7799 2919
8906 9965
1057 5677
3510 3975
9856 3391
2940 860
8776 3716
5091 835
4947 3932
5731 8118
1821 199
1182 6937
2871 5476
7035 8084
5111 2522
5781 115
1788 8079
9259 4458
3428 160
9524 2264
6127 5526
3575 896
7208 6980
8719 5211
8888 5213
427 2441
5400 1097
161 5605
8854 1352
7157 7489
9459 7592
3537 1448
7180 7556
5539 2982
3581 1588
4374 9249
5346 2909
4412 6498
6900 1122
7346 3616
4780 5960
5132 4414
7812 5391
8969 7647
8687 4598
9381 9376
5634 633
5916 4441
4041 9964
6418 1304
9767 5371
3514 5863
6975 3482
6571 4373
5984 8188
1996 5192
4353 7866
8587 1415
8922 3864
5550 309
146 3723
289 3118
4231 3805
1030 8346
624 7067
2467 22
9511 4812
9965 9486
8436 9732
2010 6283
7592 6155
7552 6549
5427 231
928 2328
8667 3571
4488 7899
8765 5547
8008 493
2330 5420
2895 1111
6127 7525
8531 1159
9722 2414
4999 1280
5240 8501
9563 9987
4363 8472
3171 4406
5530 3329
5682 5113
6536 3991
7513 6094
6029 5658
559 3052
349 3688
2422 1463
7505 1325
3381 633
1767 3037
6741 2099
6704 3417
3134 7550
8796 553
9522 3448
9795 8964
9573 3653
8471 5687
2581 160
8249 7560
1259 4619
2007 5643
376 4955
8952 9106
8068 2670
3616 9963
5490 6848
2396 9927
8613 1492
9475 4171
431 4119
3953 3500
803 3221
6568 783
1315 9361
7884 4
7590 7113
1650 1826
4420 6882
9806 930
5694 806
2058 5672
1230 8228
3614 2576
5528 3757
2564 2212
62 3729
4779 1355
9312 30
7984 4491
1920 7961
9293 4047
1897 6387
6877 2246
4599 8328
6744 3076
9967 636
2333 4302
223 4104
5353 2527
6763 5762
6450 3204
2791 4231
2545 7358
8480 5592
6852 2884
9234 3086
568 2817
5079 2460
8562 855
8795 2548
3545 5063
7727 3485
5845 7707
6560 7786
1585 6424
8281 4502
4363 4110
6615 1782
4972 5035
6230 3271
2924 4887
7646 2021
8585 9036
452 7632
1447 5554
7685 3048
5652 2856
5301 7331
8392 3693
6959 7830
6739 5677
811 6543
4654 5764
2588 7671
2433 5034
1429 5620
560 3956
4495 9728
2484 7574
3446 1586
4008 707
6320 8227
4801 3627
8905 2819
3172 8247
3618 6898
2918 5508
7674 7415
143 3515
8687 7035
586 9684
1695 3237
8797 1771
9308 2477
8417 8306
9553 1252
3197 5317
4688 4380
9743 5588
5205 4395
594 3327
1868 6983
1452 5262
7298 2786
5052 3030
170 495
6417 3809
163 6083
4713 5982
949 9275
6444 41
376 6749
5666 7059
4659 2417
5644 5795
9770 9409
3352 5801
8954 1462
3485 8639
2007 8358
3521 7231
3731 8161
75 7438
8329 6489
1972 2649
1470 9514
655 487
6750 256
7237 9989
1577 5520
6949 529
5874 6315
9462 8171
5234 3733
794 9839
4994 5573
6036 6611
4430 7500
7547 9580
5933 2801
4623 1981
5146 3780
6438 2748
3322 8315
2919 7788
6741 5940
1706 3150
6175 4712
384 5523
450 9622
7528 4917
4238 9012
7455 8126
1464 580
8529 8562
2670 7388
7190 5199
745 5054
1617 8758
4107 4578
7680 895
2128 4306
7089 2691
4628 2375
4243 533
4799 2117
7010 7282
223 3423
6983 6656
4917 1802
9161 611
4464 4320
2035 1089
8532 7283
7851 8046
1560 9517
2313 6138
7596 8633
3483 3965
6906 1405
2740 6797
2214 1723
3351 1947
2379 2877
2091 7859
1198 5631
8260 591
5434 4175
3143 6800
5730 4812
8934 7226
9152 8165
6887 5630
57 3692
6626 1799
530 3867
9635 1172
9762 7845
2644 4123
7554 3483
6113 4671
2576 9659
9998 1378
2810 2186
5068 8499
444 5497
3075 9905
6986 3504
287 7566
1302 7407
2628 5716
8667 309
2808 2148
7795 6874
7526 6381
4390 3283
7828 9022
3437 3049
9306 4730
412 4082
6627 382
6698 2232
1220 5755
5974 4742
5860 3500
1132 2735
3135 2745
9064 5892
4075 4646
1386 3516
828 5209
7908 8158
9138 2887
3502 3304
5778 1000
26 7958
5485 309
6620 1256
458 1918
7430 9079
1919 821
3446 5857
3342 7745
207 5723
3267 7440
9599 7400
758 1695
8173 7497
4181 1711
5720 133
1963 5868
4933 7331
9490 2842
1405 9547
7074 5938
1152 9175
53 7246
9926 181
2670 345
6686 7342
2773 91
1925 244
307 1480
8079 2154
6486 8378
8368 4093
6665 8137
6775 9453
1854 1932
462 825
6230 804
6760 2129
3530 3937
2820 2863
8016 6515
4141 9013
207 7179
3004 6003
6189 5783
9344 6455
8311 9275
8800 2704
5858 5898
8675 1636
7354 7007
4837 909
9390 8692
303 265
9003 7279
2457 9758
2571 477
4771 4813
7491 5463
5253 8908
1954 1838
4803 7116
7605 6938
8466 3623
6097 4700
4175 9394
6959 135
9520 8454
4321 7107
1682 6263
8539 526
6319 9252
9277 1511
5247 8812
5508 9081
8367 6199
5139 4200
2503 5314
1446 1308
4222 726
8504 7466
6552 9711
9929 3304
6882 2831
1244 6469
8537 1561
8352 8780
375 5833
7881 3866
7265 3531
3681 2694
1455 3478
1930 1024
5922 6426
6768 9772
3800 5982
8215 403
724 7091
8808 1852
3078 2900
4019 6656
8402 9205
4557 8067
758 6181
798 3587
9247 1114
6786 6507
5562 4556
3795 2759
8521 9978
6229 7255
2983 5699
3772 6354
7587 6907
4722 1663
5427 3762
3869 4954
1403 8696
6446 9187
2739 8225
9550 8181
4924 1968
9740 9077
3857 1239
3254 3977
9410 1014
7326 1559
8084 2893
3236 4339
8501 5970
811 1506
8992 2222
8854 4258
9747 7510
4476 8311
6790 3144
8579 5194
4518 7418
4728 7763
860 678
3700 6339
1683 6883
6675 6672
5348 9756
6827 5480
3840 3999
7774 9368
9776 9914
8132 9370
5680 150
1933 8150
8079 2022
4452 629
4740 1280
9236 6998
8253 3780
9974 4884
8140 1970
4152 2426
2299 3964
2034 1137
6224 9894
9733 8532
4268 781
4750 2130
5156 5325
8290 3866
5139 9547
6306 6195
2883 2346
1627 3617
451 1859
2702 4097
7887 972
6603 3909
6000 5099
5059 382
361 4718
8464 6588
5213 1511
4759 3061
3731 3989
3443 8775
6532 1248
6719 2137
2066 4974
6966 965
6842 3219
8488 501
626 8668
8148 8146
5407 5127
6898 7710
197 9243
7846 7887
8620 4307
3132 1854
8781 4389
7057 2927
1427 1809
7919 9605
4194 3917
8453 1260
788 462
5510 7736
6474 194
6887 5171
9488 1402
8796 1855
257 9506
9620 2619
2023 5601
7466 474
1627 5360
5765 4265
162 2849
985 9076
1236 8438
4385 8004
5944 5557
7172 4395
4271 980
6638 6105
9251 9939
7150 1383
3879 2517
3994 5320
2545 8827
4683 1035
6980 8646
9763 3520
9964 9738
4193 7435
2461 6991
3665 3393
2012 5973
2356 156
1512 7833
8734 2122
4949 2075
4815 506
1450 6434
5430 2714
6914 463
8864 8611
6643 7686
7574 9255
7203 415
2528 2956
8336 1846
7081 4832
7188 6402
8246 3968
3017 5187
4819 8119
9840 7480
7510 576
9788 1400
22 699
8208 3128
1113 4352
2540 7026
6184 5565
7585 1661
4596 2696
3841 3187
8123 1900
6351 9730
1900 6458
4406 1340
3279 1201
8382 5685
9338 7701
2125 273
1800 6896
3486 4940
9547 9525
8885 6273
6969 7263
3673 232
9259 8821
9680 3787
8914 4635
3513 7229
9713 3844
2202 3575
3544 634
9246 1059
662 9598
8240 7551
1760 7511
8715 323
3363 3827
7854 1999
5643 9453
9443 9489
6830 6606
7636 9812
297 5890
208 4706
3036 4702
2926 6030
8575 3980
6060 6366
8573 7561
1101 8140
4675 6688
4901 7273
5849 9464
6668 5210
5767 199
2597 8560
7738 3452
1722 130
285 1774
5155 5144
9530 6490
7032 6739
3346 6462
2248 1826
4723 4660
1274 4712
9773 4766
2292 5587
1461 741
2613 2144
7511 7915
8841 989
4782 5380
2689 8362
1604 3948
7526 3486
8698 6194
6513 919
6006 9977
4705 4372
4450 6619
5146 2982
7480 6202
2387 4703
6244 5936
6799 1961
3817 8827
6399 3427
338 5894
2009 4876
1493 3382
1246 4927
2823 5611
1201 4150
4148 9065
5843 9151
542 3620
9229 8149
9107 7570
8076 7050
9562 9023
6241 5434
222 4751
6459 7325
6048 8320
6324 3040
7242 3901
1378 2058
3458 6836
7189 6282
3556 1030
8792 6800
8998 9351
3577 2584
9925 2917
3574 3142
4650 3337
9776 4939
9536 1938
4208 2370
2560 1756
4475 9800
8852 7475
9909 6490
2858 3247
8435 7516
4726 4678
6122 448
5213 3656
3854 6860
5465 1111
9668 3462
8523 9685
2314 6554
7666 9687
3943 4249
1089 9399
9309 8553
5110 8777
8982 57
3537 7638
8373 7918
6302 8136
6950 7616
6353 9025
7923 5255
8989 2760
536 4967
596 662
6201 485
3201 2790
9308 7434
8027 8125
2449 2971
6770 3341
4938 8329
8092 7843
104 3150
4922 5963
6431 3437
516 702
3816 7918
7705 3244
9439 9238
3849 1357
757 8983
5208 7717
1935 6979
5235 6561
9938 3758
4846 6442
6773 2860
3306 9572
2348 4965
5961 1471
2917 9504
9965 5791
5677 7178
1385 8260
9399 2050
6316 308
9070 1560
9530 74
3137 4215
3023 5816
7871 5784
4226 4606
6821 9444
1908 3140
7488 8995
306 10000
2028 2272
2635 4938
4916 6324
1475 5789
954 4071
9726 759
2099 3317
9901 9948
7468 3352
7807 8454
1623 8766
9767 1698
4728 6392
1105 6159
911 1777
8392 3803
481 8906
5132 4961
4759 6782
4703 9496
3313 3262
6775 3047
1595 1284
2292 4098
7238 669
1310 813
8359 1781
6414 6939
952 4290
6811 7800
2066 9179
6234 4946
4907 5012
6832 6087
6353 1580
1128 1102
7243 7318
5765 7973
3262 1886
9393 2739
7210 5078
6857 4485
5446 9977
2800 8103
537 5789
5868 8527
4398 9155
4743 7650
4301 1982
7118 6837
4215 9663
8468 4709
7287 4255
8072 88
834 3573
7522 8248
7092 6580
1906 308
7100 6879
4346 4580
7946 3
2741 1278
9938 9231
2872 9874
9451 7469
5484 7629
957 2162
8772 7023
2162 5850
8472 6028
5026 6513
8131 3810
5023 165
6601 582
5572 3714
377 7430
8707 3573
5977 8521
5695 589
2992 5386
3824 6655
7992 8469
2058 2218
9971 2401
8233 4067
1351 2974
5232 5863
1264 1017
3218 5280
9507 5319
8443 6497
8681 2924
4316 691
7432 2191
9234 375
4303 2367
3283 592
9837 6979
319 4820
9735 337
4270 1448
3966 3721
1430 5472
162 7692
5345 8129
5928 6075
7079 8433
4965 3614
3353 6959
7277 3674
3900 5404
1444 9044
8056 9030
7763 589
8504 4852
165 7909
4017 9087
5448 9422
2488 9496
998 6366
753 3442
7369 2949
1968 7863
63 6646
8454 3459
3801 5264
6235 5677
4850 8372
9982 7650
2823 9231
6511 9222
1549 8521
4502 5071
9850 340
6696 6963
9143 1839
251 6472
5309 2565
5810 5989
4891 6260
1700 3292
9198 9995
8215 3400
3002 2711
6815 8185
831 2
7170 6391
2084 5309
8179 5723
8622 9497
7133 3912
3045 7960
768 733
6673 1120
9599 8905
7397 7103
6596 1339
9186 9328
8019 4054
415 7209
4770 3188
4218 3486
3165 9405
9642 3930
4911 5494
7987 5736
7851 1643
8182 696
7127 6598
1887 9389
4271 1448
4408 324
1951 8424
5312 4507
8165 4506
9621 2016
8 2450
7627 4133
5516 2406
1615 3869
9944 2615
4672 7745
5623 694
9534 2781
3670 5427
6045 3887
7875 4951
4879 5371
227 2478
5694 7876
27 5606
1578 1922
7506 4897
33 108
9884 1513
5516 4085
3251 2999
506 4890
6072 3313
6082 7539
9545 929
1451 3330
3379 3842
942 2650
1824 2255
7997 455
5755 287
9935 6429
4492 8702
1525 2468
7186 5490
9237 8959
5412 6036
2688 3662
3709 5563
3843 6464
5743 8150
3978 8243
2299 390
4100 3851
3998 8430
9810 2939
2001 2536
7213 3107
6770 6339
4269 7719
1258 7971
1391 8472
1717 4672
4009 2581
9087 9903
2231 5069
45 8151
4156 4168
9995 1329
4276 1258
5323 9403
5875 5123
2339 5354
9616 1381
5667 6421
8773 6303
3788 6066
8495 9226
7141 9687
4441 9035
3695 521
6619 957
5822 9401
2886 6058
772 8550
3435 1530
6596 1769
6338 1086
9892 135
2579 1955
3466 3760
4112 8901
8333 3701
8787 8209
7607 5194
287 6598
9251 4049
6717 3936
3415 2125
5933 4702
8600 8282
202 2899
5803 5938
6923 6603
2016 9031
5094 9995
2325 7812
2050 5880
3265 1420
4050 3644
7651 4114
3770 4218
2652 1365
2021 6000
6614 837
4429 23
3933 6233
7327 7767
8222 5979
9396 8260
9231 5848
8802 5360
1245 9016
7316 9766
4405 4393
3929 4526
5223 2503
7449 6328
1124 9471
1048 2895
1298 4131
383 8988
9926 5804
8720 7468
3188 9612
2006 7492
3432 1925
3399 8619
1456 2534
5091 3671
5696 1039
6757 2185
8947 4859
6452 9430
639 2396
8353 3210
4497 7164
5119 3469
6159 5569
1366 5940
1103 3498
3485 9420
8414 7237
3162 159
2105 8787
7438 8444
362 8574
991 3628
189 7422
9477 1597
9606 5357
1867 9030
3662 6810
6351 4613
9526 481
8779 519
7005 8581
4516 7148
70 7503
3371 7355
9339 6703
1192 4698
5230 5224
438 9599
3542 7064
572 3449
1925 8116
1737 1936
1839 3853
199 4356
2941 7432
8198 856
5275 3605
6332 8220
872 2248
9315 8983
8082 3770
4539 1672
3025 767
377 6392
8426 7520
7151 861
5891 9679
9195 8810
7185 4811
1223 2803
3453 1866
7809 6527
8118 7364
8537 3547
4998 1247
6085 6348
5377 4895
1034 4896
5987 6069
6357 8646
852 1619
4138 6249
8351 6755
1127 2385
8725 6379
3846 8081
5650 2912
2261 171
4122 1877
4357 2938
6802 497
2564 9240
4449 3867
8739 1013
8201 4462
9981 9918
7058 3124
3351 5397
15 2656
858 9022
1894 1306
8465 9563
7707 3199
3782 590
8125 448
7682 2146
4065 7161
8277 8338
4110 3714
5130 7961
4930 7380
1456 9661
597 5377
6468 4041
5645 6172
9042 5508
451 9357
5617 9883
1775 4562
2774 9219
499 6409
7148 5083
7969 8324
2267 1341
1593 4925
4260 4375
6249 8401
5341 4401
7535 9422
7530 4072
1644 1953
1415 6611
9441 5521
817 8103
2267 3053
9434 4702
8985 6681
3877 8832
3987 1436
3029 8818
1577 9207
5151 8387
5303 6079
4166 5153
1079 1408
495 3542
6540 5111
4248 7584
3035 670
6187 5757
6329 5805
599 1353
2173 9998
7258 947
1196 1084
6105 3654
6965 3181
5887 8852
2589 584
7065 9570
2962 3632
4717 3945
2468 7044
537 3010
5299 427
7471 4677
7013 6295
3503 8656
7261 26
4854 8925
3731 6365
360 2536
8178 6672
3136 9719
5572 371
3262 1778
4774 1624
2419 5987
3920 8766
5007 9119
5892 2216
4956 8962
8960 4925
5428 6667
8615 5440
1212 593
9876 4254
217 3040
908 3233
6014 6790
5458 3405
1980 869
6159 5579
4518 6323
9554 7170
5283 3992
3299 5402
1177 879
4588 3685
1488 4216
2972 2012
9924 5372
7552 8501
7718 8242
920 9209
7411 6036
6034 2974
5508 4337
456 8071
7785 7763
7047 2238
5628 2407
6940 8340
7329 2212
5022 6754
1743 9003
7605 4989
6491 438
2812 314
9402 7868
807 2577
407 6565
5029 4147
6305 8788
6087 6831
2833 2161
5641 2165
8090 3064
4310 126
7134 9707
7523 6527
7953 7887
2354 9585
5784 5109
9419 400
1943 3025
3536 8693
1865 349
7477 2192
9531 5350
2939 6442
496 167
8337 1336
1324 9557
1796 9222
6581 3306
4101 5290
1933 202
1976 8370
136 9958
7707 1567
1683 4987
2710 6200
5831 7209
9368 3088
8160 7072
1436 7547
1960 9277
7842 1
2838 5436
3171 8084
8999 9273
6562 1152
6864 9587
7920 7906
263 5952
9407 8074
4079 2356
9964 2759
317 4360
1409 3567
2771 6126
1381 8704
4818 9607
7538 5440
5715 4509
8067 2100
8948 7664
4571 6495
577 8769
3023 9729
6085 8406
1182 3429
9060 3346
7409 4906
2671 3212
3148 3051
3903 6228
420 4567
8322 9350
4891 4981
8069 4320
6683 6424
6920 2869
9336 2343
2697 3718
413 8513
135 3167
1241 2274
4711 3649
3430 1434
592 5615
424 3121
2576 4212
9436 23
2507 6309
7089 4249
2541 1552
7982 4913
7554 1586
1531 377
5184 8694
6502 7909
4261 1585
6227 2299
6853 9044
2958 6095
3776 382
3613 7749
7196 259
6068 7860
4796 9091
4836 9185
1520 1981
9321 5958
6929 8317
5328 2880
3976 5760
6138 5036
6550 3345
956 4381
953 1934
3996 4176
4169 3771
4164 1682
5112 7451
9027 3172
3884 9731
8258 1087
6003 5103
3925 730
5964 6474
1670 3522
122 7310
8586 2788
9958 6193
2448 7858
4585 412
2202 9546
4611 284
4207 3270
7222 3626
1059 5737
5549 9725
2759 7091
1082 4331
4493 1024
8094 555
7739 3574
6641 2839
9678 9210
7435 8878
3865 3392
9511 1924
7110 7955
8865 2806
2406 6844
2481 6444
1974 2905
3273 3112
5681 7204
743 8527
7676 3047
2293 7251
8482 9181
8082 3435
4443 4108
6007 6590
218 6211
521 5536
3487 7055
1304 3025
2059 5120
174 4020
2385 4277
3197 1717
5242 3472
8723 523
4992 803
8236 6558
6739 3668
3451 6772
558 4390
2361 917
4130 3234
428 7248
8176 4705
6624 347
8374 734
263 2984
7372 4093
6295 3207
3260 847
9460 5848
7912 9493
8193 5166
9105 873
6194 6663
5946 5917
4817 923
4300 7052
3737 1450
7946 9840
7021 8337
2006 6211
2437 9634
4198 7614
3290 9776
5026 3931
7637 3106
1746 2341
8059 8031
2249 6534
8277 3056
7730 8657
5842 2345
3248 1076
5595 2068
7822 2001
8798 7523
8620 4442
3938 2511
7017 8082
3682 5778
9492 4377
9967 843
1991 6753
4429 951
3202 6114
7260 8252
6030 8547
9320 2873
5142 9594
6862 5258
3247 4448
3924 7620
4560 486
1215 4848
5652 5752
2228 2065
5457 8632
6464 3057
7077 3382
1778 2765
7684 4796
1462 2584
2000 2901
6984 3930
9675 4292
9148 397
1210 5941
5485 9328
2644 4607
1486 5587
1183 4613
615 8317
6069 2355
8060 5385
3673 1293
1798 4097
8990 3922
6223 498
7695 4862
2509 3397
4135 3960
7279 3328
1048 3894
8137 7995
2175 9640
7810 5502
5357 3341
6467 5780
7689 6970
4594 7846
1843 878
3219 1628
1254 656
8427 5709
4230 4858
8570 2323
8217 5990
1138 1947
5483 7501
2411 8129
7585 3384
5766 76
4371 4630
8436 1165
9932 2227
4219 5014
3781 3172
8000 7330
3083 1552
6570 8634
8732 1844
3709 3708
332 7062
5238 9113
3535 765
83 8944
7444 4296
6170 8737
6485 3759
9828 5376
8548 8803
1807 8146
5115 5354
3484 108
895 5924
503 568
7098 4755
5695 3424
6251 7396
4349 2831
7068 5026
3503 6480
7737 6815
5184 1438
4300 8362
747 1340
8418 8837
8622 897
2289 7484
4411 953
2093 9472
2857 3867
8814 9182
87 9806
1360 3761
7208 1531
1235 7139
2423 4854
727 2780
3918 4158
4820 3087
7759 5095
7210 7214
2145 4465
2855 6571
3388 9554
73 5314
956 7868
9206 4173
3590 7742
864 7824
9960 2071
3118 7755
1961 6289
79 4187
2847 68
469 3586
3897 3909
1962 3566
7048 7859
6345 4897
7735 3897
8689 4881
8784 7380
7210 4253
6558 6261
7891 9374
6087 5584
7912 3463
1610 1877
4339 2360
2366 4597
909 7508
5492 6711
3877 6788
4164 8291
4840 7502
8511 4708
7932 8392
6235 6237
9186 4740
3478 77
8130 1719
6145 4986
6965 1486
6545 9919
7559 5236
1013 9241
4867 7177
7620 6582
5865 9333
8613 3997
1108 2528
7379 1073
1 1447
6413 6236
5965 8102
6536 2859
7845 3439
5381 8309
8323 6875
2274 1172
5952 5429
879 5376
3147 7969
292 1243
1995 896
9936 1876
8010 6840
7028 2263
2900 5385
8777 8170
1781 937
4196 9648
5467 9114
2645 4898
7030 5094
9232 5403
7960 1007
8502 5150
9423 3795
5399 9527
4420 125
2012 2299
9207 4314
2518 3147
3013 4398
2576 4901
5797 3588
9271 3835
8555 4011
5416 8749
106 1977
4894 9678
7765 3455
5273 4834
7642 8826
5213 483
3578 569
1758 6276
8712 1312
5593 445
636 809
4466 1323
2666 2086
7367 8717
8761 5136
64 3733
4746 7018
6491 450
816 3837
9859 8007
6890 545
2876 5211
9401 4365
4235 1989
3650 364
8281 1187
2646 2235
6079 9407
8813 1226
1805 9308
6353 7626
6824 3781
4400 2350
6572 4285
9078 7428
2032 6889
7338 775
1064 4409
4271 140
5817 8902
1381 9373
1133 5133
7329 5535
195 8009
1899 973
7628 3508
3275 8721
2270 5773
5326 2204
8791 4609
5564 4327
8228 5978
9575 2589
860 9887
5553 1940
6694 2586
9463 7892
8884 5228
593 9873
6733 1554
1826 8493
7282 5142
5742 1586
2723 6016
4387 6652
7779 996
3453 8881
2740 3389
5338 7286
9943 9074
1400 9189
5463 7644
1065 2824
3740 6750
6529 3400
8075 2561
850 2148
3420 2727
2798 2826
9540 807
5825 4634
296 5969
9249 9548
1897 9895
6942 1827
8976 2561
5159 8333
687 8584
5217 9901
1879 117
7240 3708
4485 4106
5900 4575
6332 5770
387 5883
3867 2110
8606 1797
3724 8970
4075 8338
5065 8890
496 7574
4203 3479
716 8958
7233 3833
5570 269
5132 1329
5984 1778
7323 2731
9520 8766
9826 7766
6069 1322
129 8121
7711 5706
5598 8552
1882 300
1116 3607
7765 866
7407 258
7322 5854
8531 1840
8575 9778
546 5486
6117 2429
8052 471
6141 7132
2095 3519
8221 6761
4571 4771
8302 797
5737 764
5511 9796
1931 9566
5386 1546
9770 8648
7655 8949
2520 535
7207 6805
6538 665
2597 3670
8683 3460
3529 3219
1057 245
2675 557
4641 3593
7341 5001
1880 3458
8227 3686
7483 5458
4661 7037
7445 5568
9436 7442
8756 9826
7444 6583
4197 3218
5549 6311
9305 9825
5859 193
2298 6583
2703 7698
9806 7170
9123 2646
361 3000
8891 1844
5499 5550
9564 8341
1264 7673
8919 8805
1421 259
9537 2932
3196 6147
8787 5871
1266 9003
6287 6284
394 325
1460 5759
5277 6141
4251 8836
7440 3539
3696 6219
9324 4520
320 6354
4727 6304
1290 8783
4105 5708
2715 2520
1304 7949
4367 4253
2509 5901
740 1958
4869 8349
1925 4183
6117 3232
6405 9022
4739 8898
4639 5091
3215 8428
2716 4138
2840 9684
6286 1244
6619 2588
4172 7180
7871 2504
7964 2502
3580 9367
4127 308
8317 5570
3067 4095
8411 8244
5435 9540
6681 6171
2612 9644
9989 2374
7387 484
6438 808
7008 416
7586 9183
5716 882
6616 5526
5074 1038
9209 9706
2685 8663
3863 6783
2468 3996
4480 3994
7655 304
652 760
8105 2739
900 7603
1835 2534
5588 823
258 4238
1997 7238
5240 6714
352 2959
3809 3188
1098 7475
2995 360
7486 1168
1099 5193
269 6175
1308 5750
2327 4822
8642 5884
6039 5700
139 409
2049 7298
1501 4315
8769 3719
9939 6865
2676 1825
4152 9197
4003 4408
4201 6748
6683 4744
1051 4421
4643 2019
3049 5831
5238 4860
6269 9900
3788 1884
3691 373
7892 6556
3488 158
7055 4279
4921 5727
2165 2975
2962 9308
4857 4013
134 6742
2171 1232
5318 6326
9526 7192
1836 3322
6812 8505
9083 4054
7487 607
8126 8247
6338 1040
9253 1294
5855 5264
4292 718
5320 1883
4670 49
8929 9852
9925 886
2725 1781
9500 1510
604 8011
7751 8855
9633 4004
6975 3960
8595 4290
8711 9009
1580 5300
6556 2266
5999 5602
3619 9004
6062 2215
2875 5420
2498 5092
7342 3001
2822 931
577 9517
4769 9879
3660 2920
8103 8418
4087 4785
1420 8454
3105 7595
1876 8035
5650 5513
1258 6996
2274 5516
5110 2523
3317 5377
647 2122
6382 4014
7234 9707
4688 7695
52 7875
7817 3325
4427 7651
3148 3422
1795 1799
7238 5401
9193 2008
9457 6216
7425 1485
8288 3348
992 4864
8655 9792
329 2220
2684 4253
9833 3656
562 7976
1646 9670
8996 6699
9611 4884
4746 4804
754 6039
6623 8605
2929 1274
3809 4918
2461 3180
1596 2699
1227 2428
5289 3467
1741 9067
7578 606
1319 5264
8924 3318
9004 631
1754 7532
2374 6748
2316 2316
1187 7185
1132 4638
903 1760
7729 108
6537 3340
6881 2236
86 5631
3003 685
780 350
9685 6204
4479 5273
3181 5634
9972 6879
5949 1023
514 3187
1035 6589
9377 6546
7805 8862
2994 6139
1619 7976
5322 7849
7533 5172
3617 4594
3617 5896
6247 8310
2877 4515
1876 4214
6818 4217
945 9006
1832 9946
1247 9577
379 8876
4150 1547
9360 7272
4419 3846
7872 558
9083 3706
4849 5929
173 1102
9148 3500
4050 578
1506 2169
5973 9370
409 6667
6728 9925
2991 2113
4320 9876
9098 3981
7015 1333
2251 6035
5190 6672
7089 4903
2387 4921
9055 8771
9456 2480
3464 6986
1782 4083
7932 1958
1021 8415
8140 1390
2237 8032
8152 8920
3253 9764
6380 3379
3293 5392
3175 5524
5035 3830
176 863
7742 4213
9800 1941
1501 4070
7434 8382
6510 6245
7643 1968
2376 5239
2496 7464
6671 8949
7796 8729
4298 6840
6444 1019
8708 9216
7404 3038
9697 8147
6448 6847
9479 595
4567 2242
4981 9766
3545 5026
3058 4203
3421 1578
3836 8283
3968 2616
5088 3016
8753 1902
3071 8663
9208 8908
8132 3378
9232 7829
4293 1794
6661 7000
4844 3064
9880 5956
2133 5255
8790 845
1494 518
5672 7701
7916 4236
3639 390
4414 1069
4002 4680
8331 3518
3015 1953
7522 5885
2230 3163
2314 8750
3492 8389
5336 221
3482 9613
6053 8957
3314 1578
4949 869
8141 6971
8099 3469
8810 5167
9732 4803
7196 8661
1586 7768
6649 7176
2173 5529
795 2742
8500 3137
4916 2815
5151 3480
6648 9927
4700 2620
651 7365
4432 4128
9483 3410
2363 1802
6468 7209
886 1551
3031 695
4966 9981
5635 7104
3115 9421
658 1868
7544 6693
1139 2914
792 6638
4691 9752
2639 7352
1750 8944
9714 609
455 9914
1270 5508
6476 8130
2261 8287
3314 7065
8470 2921
1776 9610
4410 7597
3712 9242
6918 3079
8737 5963
4093 794
5269 3414
3140 817
1109 3065
8180 5685
4083 7269
3703 7098
2135 1267
3217 2905
7128 5148
7275 3903
3213 4733
5639 5379
7449 449
7105 3463
584 4873
5472 801
3073 5150
7194 2250
8232 2731
3925 9501
2362 3073
8363 5938
3233 2609
6124 5
2172 3949
3138 4523
8957 7249
7241 7223
9061 8217
3113 915
9163 6699
6515 1082
8247 9753
556 5933
5123 5361
1260 2802
9556 5304
1218 1273
9657 6822
4262 9017
6386 7628
2887 497
5533 85
4444 3838
4702 9550
93 3607
9972 6907
7470 5197
9667 4501
2595 8453
4748 9311
568 6102
9634 1256
7891 421
2820 2690
4738 1930
1452 7663
9474 2718
743 999
902 126
1926 6846
9053 7441
9443 7767
818 6638
5459 9616
6969 7094
4325 5968
9533 9598
5129 1506
3893 284
7208 9214
9349 5524
6880 5486
7991 1900
2468 8410
2792 1880
7230 9383
1443 5788
4101 1589
8544 7997
7937 5357
4001 3977
5681 291
66 2513
5000 4711
144 8119
4503 6143
5235 1726
8109 5989
5550 5201
9205 8992
3662 8886
4094 2267
6150 54
3100 6438
5670 9566
7752 2914
8330 9778
3716 7544
130 1048
663 8592
4294 9198
6092 9196
6953 7086
7819 3423
346 6917
8427 8225
6371 6365
296 2668
1663 6870
2753 8257
1662 6059
7682 9269
1896 5999
838 269
2792 1469
6072 8841
4945 3413
2198 1981
6865 3356
4030 955
4156 2665
1334 7787
5234 4410
2591 8157
204 7126
2743 5384
6634 1889
7843 8726
6396 2564
9987 6481
3687 6705
9246 2859
7876 148
9250 2974
9916 2410
3719 1939
5930 7990
1220 3998
450 2906
9612 8423
2067 4906
7332 3957
1183 2753
2246 5223
3199 9136
2063 645
8593 5124
3612 2094
8690 313
5832 3361
3996 7811
9694 3548
5533 6321
374 29
2146 1272
8434 5254
2751 7410
6331 4326
6975 6596
1463 4078
8880 6035
7498 2114
5131 2864
8378 677
9029 5937
4332 566
2211 1260
1140 5022
6278 1581
2398 2114
7327 429
1813 3623
8310 3860
9150 2253
7192 633
7490 2038
7234 6394
5177 1727
7848 1686
1543 1273
8704 9301
1702 6178
3988 4606
6867 9885
2822 9807
7975 6460
4816 2898
6863 5763
1593 6237
4271 1214
281 7468
3751 4058
9437 7278
5941 8225
1174 2473
1789 236
9309 3286
5640 2481
8933 3631
9583 756
7231 8966
9301 1157
9483 3291
6924 7988
5373 1089
7215 8895
3834 6146
1231 2429
360 5825
8555 6868
7052 5103
1692 3511
5003 7393
4977 6558
2960 8716
5775 2028
3938 2738
2670 1750
3263 6330
7601 3102
7481 9266
7557 3110
6280 2577
595 125
3505 9516
2315 4419
5469 8820
5909 9744
687 3336
4116 7396
2532 1334
3048 4119
3829 9754
3647 4115
3023 1664
3180 1518
6206 9346
5103 2946
7495 2139
2326 281
2406 3065
8332 258
9624 7616
7460 7844
7356 9427
3756 2935
7325 8098
9145 8922
4463 5901
3483 2022
1685 8269
8624 9142
9545 5211
6010 4328
9876 3025
8642 3050
3399 7512
7488 2651
9009 1819
2924 3727
3506 3685
8763 5310
9555 880
9005 2128
4762 6340
3823 5530
2569 959
1078 9490
7887 9343
2794 9721
1494 1483
8816 5821
5045 6966
7246 7120
9038 8520
1795 7093
3382 8008
1569 2139
1322 8498
8996 9840
9282 4543
3164 3808
7618 609
1883 7790
1631 5162
5251 7374
266 1816
2511 5774
6341 2188
6273 9313
6264 4755
9406 3131
934 9418
607 8420
8687 2011
418 4762
8917 7853
243 319
8648 2046
9022 218
5933 7673
9231 7950
5241 7460
816 5299
7276 4714
6871 8857
2303 3136
1333 3032
424 3350
1536 9103
8925 5426
126 9204
6336 2531
7001 4696
7599 4206
2279 9803
6868 7283
3779 2816
1464 6669
4990 1860
366 9567
8349 430
2780 6474
3981 5601
3867 8032
2154 779
8977 7303
8179 8433
2856 1259
7950 5060
2772 4340
591 145
4167 4269
2887 1695
2628 3842
2420 5468
3296 9247
6893 43
7402 426
7895 101
9372 1611
8067 8030
622 6669
8916 6567
1307 5775
8068 2484
6387 8676
3942 9085
2305 8621
5909 233
7276 8501
8398 4190
6876 2431
5921 1326
3069 1859
5222 7585
4405 2148
7457 6430
6747 2125
4613 9206
307 7808
4009 3493
8448 9351
4543 5151
3950 1133
383 678
1281 2319
4010 8107
5698 9705
8193 3783
6500 4968
6122 4353
2922 8404
1212 1149
941 9014
1805 9053
4509 9139
8617 9770
1968 9560
8791 7032
788 9246
4451 1449
4101 5579
7031 7830
4324 7351
1695 8900
4679 864
1767 982
7994 2611
9015 7621
5882 3866
8766 2082
8708 1530
8491 8335
4832 4773
1625 5454
5373 8252
7697 4157
3378 57
5543 2990
8186 3558
8205 2233
3772 3803
5185 2654
2055 8704
8392 9962
9400 8941
4694 2210
8081 126
5735 9734
9390 2000
2138 3365
2995 2396
8524 5578
9141 9059
2233 8164
1062 7491
8469 1050
7610 8898
9415 426
1517 8291
8070 3876
1305 3757
8878 5031
1129 3913
1502 5887
2177 1516
4634 9275
9563 7366
4967 9169
3339 2403
6016 8957
27 7316
7388 3012
1254 6482
8663 3044
9877 232
4695 1904
7129 8887
7364 4077
654 4596
3495 8357
5745 3850
8230 9000
4074 7817
1351 258
3008 6407
5529 6302
9313 1730
5136 8622
9335 2553
8000 351
1852 5712
9193 5491
2238 6217
1959 1309
4026 5994
3696 3977
216 9744
8529 3410
8761 1408
6872 6491
1006 9772
4458 6095
9318 7716
1750 9443
3066 6376
4264 1154
8988 5485
3441 9517
3283 5376
7757 4297
983 2958
6423 4580
8090 2332
9651 5956
6151 9848
9217 5222
7693 2385
2926 873
8399 4719
5453 31
954 5532
7933 3231
2129 6656
5617 6280
9676 5868
7722 6159
4617 7313
627 9204
6436 2578
4809 9982
1601 9742
7551 3519
6944 3964
8757 5965
4686 1606
3150 7973
9599 8194
8119 5604
8293 5625
5738 9016
4548 7931
2057 1605
444 7772
1998 5548
4016 7253
4056 1635
3114 5905
4977 7165
3575 2831
8048 2640
8993 73
8956 8864
2425 8790
56 4419
6602 9497
6502 5010
3273 9477
7206 5920
9353 8827
5313 1757
178 1006
243 223
5025 851
7889 3622
4618 3155
7598 8080
3969 1676
7775 4722
5184 3984
742 3607
9474 1453
273 2963
7196 7942
3699 4752
5553 9477
8512 6970
9907 5660
6026 2359
7424 1800
5869 2859
4716 6795
8316 6334
357 8307
481 5796
6196 8986
624 2924
3745 5316
5789 113
4696 6529
5198 1941
7318 9737
3939 5368
7994 5723
4214 1600
5126 6494
6969 6077
9600 9805
740 1549
1070 5851
6933 383
449 8918
8485 6632
7186 1488
5874 4328
5944 4430
6899 3745
1286 1785
269 9650
6229 5110
936 393
2016 4171
4261 3508
3735 5080
6143 5911
9705 3979
8201 4149
3858 5437
4796 9647
5725 6725
5754 2528
2035 7601
9485 4002
3029 595
7942 124
3601 4780
8279 5510
1929 3234
3718 8585
9580 6447
6260 3931
9370 7182
2272 7727
2292 6136
3434 2491
7706 5926
7309 4239
3866 2438
5909 3969
7357 8122
5480 6338
3461 1543
8937 486
9022 4447
1687 4917
6731 1409
8703 3385
9003 8956
2681 4023
30 449
3211 3963
2165 7665
1450 9858
5340 6309
5316 4266
1733 4860
6012 1446
4832 6692
1457 5367
6450 4048
4238 5809
8650 4057
1805 6785
1551 7780
706 7725
4014 2099
5514 4624
1323 3490
279 7268
6222 1178
3287 1169
6507 8904
4575 5171
4018 5269
9093 8692
8855 4035
5339 2039
1004 2310
2025 440
2083 8359
9128 2769
1451 3381
6675 5746
6878 6193
7302 7736
3592 3704
3407 2845
2762 5460
2204 4894
7448 8180
8240 3815
7450 3848
2682 8984
9165 9329
2764 3150
3421 8220
6818 7475
7594 9122
8263 7829
5922 9097
8047 6114
6464 9226
245 3839
6188 3493
1795 8191
7770 8112
2276 2656
6069 7960
1866 9115
5229 7661
5429 7344
8033 5907
5916 9350
6446 3940
6313 1640
4855 399
4129 1513
6619 7911
9151 1838
2546 6375
8552 488
4299 1421
9078 2810
8650 5584
7574 2689
3082 3570
5229 7320
7654 1635
7624 1801
4915 6005
6747 5068
1078 7467
2520 773
3062 9351
4548 9828
5404 8255
2087 1901
3420 6862
6828 507
7892 9076
5155 726
5438 2093
6050 9138
8898 2953
3046 8423
8177 9961
4307 958
4716 9639
6307 259
9432 8208
3934 3739
3080 9111
3855 745
3394 7203
3221 7805
1275 3879
8179 2903
5090 5424
1695 3815
6348 9793
331 158
7137 4550
4616 4978
2133 7825
2823 9944
6411 9820
2906 1510
4621 3393
8830 7257
5142 3421
2756 876
9076 3949
9170 5277
7348 6647
3222 7338
4123 3483
3354 2836
2965 3377
277 5500
3223 7477
8642 2351
4020 5894
6447 9625
8193 7228
7869 1466
4601 7889
5738 7332
5408 7876
5457 4868
9090 3303
9793 9110
1244 7175
1372 2560
9014 1400
5055 5135
5295 447
9058 7525
1808 6769
9400 1828
6754 2700
2424 3168
8415 3833
1584 742
6404 4191
6529 1900
6778 2338
8493 2734
7559 3708
3525 4200
3884 4304
7436 3498
6325 1877
232 5670
6990 7577
7565 5796
3195 2254
7844 7001
8615 8017
4820 4194
4989 6033
4842 7765
5354 4494
7856 3614
7306 2965
5177 6937
2118 9169
8493 3893
9361 9084
6022 2425
3083 6489
1110 5331
475 3056
5759 4744
6547 2028
2562 8686
5018 1357
5967 8919
7521 689
3193 193
8331 5531
3339 9058
7178 8892
1463 9427
7533 56
940 9620
6821 9153
7907 5551
1537 9821
7736 6538
5446 100
8735 9239
871 8727
5033 3316
1678 5638
2504 7017
9090 7484
5698 3278
2070 8971
1949 3849
8684 1889
522 7136
3704 3493
2500 7311
9305 5803
4123 6496
6948 8477
6517 3557
4257 1672
3215 2838
3177 1936
6850 2225
5982 5779
3413 4374
9021 5241
6891 8361
2057 8361
84 7318
1751 9579
397 9145
5598 2245
6486 3769
5007 9170
2798 4338
1968 3279
6014 4714
229 5931
35 2263
4424 8490
4669 4227
3900 5372
6169 1768
3294 1055
908 808
5940 8731
7228 1468
3169 4481
2405 7155
9390 1414
9106 2551
6554 3258
7578 4061
5705 9816
1680 2354
1169 4388
8130 9322
3671 1334
5285 6451
4383 7081
7217 3163
4838 6880
1030 1998
4779 4742
2526 933
8163 302
3702 4146
5031 2803
7232 7235
8863 3548
5105 4151
1921 4878
4166 9765
703 4335
9470 6111
8592 1100
3456 9927
3439 2261
2223 6033
8999 12
1237 6427
8564 4875
8766 6943
1084 9935
9179 2684
5513 3970
1035 3519
8684 459
9170 3470
8533 8183
6217 7575
214 7106
4597 7920
5017 4154
9133 4851
4101 2002
8298 4226
1690 3145
4214 1034
6856 4529
5332 2666
7476 8204
1224 8012
9085 8771
4324 6440
2027 5179
6019 6001
5161 928
1652 2825
5270 2678
16 8013
1865 7108
3379 9742
4393 8150
6565 8148
5406 5902
1879 5896
1196 3297
1354 1296
2277 9310
8593 7317
2867 8518
8627 2736
8278 6688
7257 9814
5270 5700
5527 6393
8118 4123
7084 8331
3534 4328
4111 9693
9170 5499
5809 8939
8291 7065
5614 7311
1877 2063
5814 8232
6868 2764
7152 6709
5387 4564
6946 5447
4641 9180
1543 7295
6985 5346
22 7487
302 5497
4601 612
489 2797
1361 129
3853 8046
197 250
9242 6446
1608 3218
4505 8675
807 8829
6992 4064
6963 4004
6399 3909
5498 5090
2470 3939
336 330
7773 9010
7906 4620
4331 2964
1603 6352
3804 5681
9526 2898
3678 60
6164 3841
3801 5334
5566 3687
9341 2916
4159 2789
2776 2607
7724 9244
5744 7324
8038 1113
2689 8293
6813 9528
3514 1772
5470 447
1388 7628
1106 9025
6313 7061
1125 8569
7790 5337
7459 2781
5376 9289
7581 5606
9138 633
4500 3923
1905 4225
2064 4274
5291 1276
1654 1987
4413 5862
4145 9010
8045 3271
2128 5684
606 863
3385 1312
4099 5397
3466 7481
2571 4228
3524 7222
6444 1178
3667 5451
2929 1754
377 3702
846 5687
2764 9131
899 4033
6599 3200
5753 3506
5078 5602
3874 9419
9268 3046
982 1437
846 7001
4630 7438
8556 8355
3120 6090
6261 2382
996 2894
728 7387
9124 9996
1953 4426
9407 636
6376 1212
4713 9549
9349 6948
1654 6322
1347 5945
7534 7395
3120 7934
8956 4361
376 3760
1072 4860
5222 4871
9368 8791
1053 3683
8826 6539
6593 4584
6329 8892
5076 7476
2672 4053
1459 5351
2273 4685
4487 8921
8697 4564
8692 4799
3082 9929
175 3207
4449 671
4044 9759
4037 7117
707 2512
5024 8530
5553 4851
8195 3120
8442 6520
4418 5310
6882 4625
4700 8643
8759 1466
578 8828
5546 6972
2689 2353
2912 8234
4940 1227
1679 7019
4441 3658
7748 6367
2976 1328
185 6635
59 8108
1770 6070
9550 5124
3999 8707
9372 7057
213 6193
6202 1457
107 4564
2404 4539
8198 6638
9547 8019
9908 7905
1221 7921
6970 8048
8193 3307
2454 6916
2776 526
5610 4667
5636 2674
2386 6199
3963 278
901 181
5271 4192
8527 5993
4630 1634
9035 8323
5859 1574
2868 8525
6618 431
3197 255
1435 6984
9818 2986
7141 7188
5511 3906
4317 6572
5950 6900
6996 3932
2640 569
8080 320
1307 3154
563 4262
8181 365
343 5532
9957 8920
4256 2369
875 5319
4767 7879
2003 3326
5138 120
6047 9019
1520 783
7691 3887
3654 2716
6420 724
4986 6359
9980 8920
3834 4754
7815 4376
4342 4201
6067 6284
9968 5878
6679 6758
402 6157
7442 7102
8608 175
2093 1627
258 186
2174 2365
4461 2600
3294 7001
2047 3644
7384 6253
6711 1246
9090 8963
3640 4240
7546 6102
1315 2437
7182 2333
3838 5633
5690 1096
4598 1122
1444 374
8286 5851
942 3697
4153 8101
8518 4265
7097 6424
2947 9802
7791 8020
2513 8605
9545 3480
8081 1623
4997 5994
5590 1837
8367 7957
974 5585
279 4029
3848 3142
2780 9910
6430 1033
8025 5945
1419 7455
3003 2674
8535 8685
7330 3099
2871 2580
5261 5486
1220 9973
2627 8423
6507 7013
9522 5212
8463 630
3914 4687
8065 4223
7989 2871
8974 8471
8546 3327
690 5601
3062 8655
1121 6664
7944 360
5181 3119
8979 9329
8049 980
5065 6022
8041 8520
6312 4917
9873 4305
1262 7038
1056 4722
7305 3676
9608 572
3595 7273
8291 7741
7889 1845
5609 5005
5474 1407
6594 605
1130 1772
1314 7325
9224 3444
54 6042
9822 8924
775 930
12 6681
9074 2832
2885 942
1222 2301
4014 5314
6245 1984
4042 1835
8252 4332
2615 5900
4646 9180
9695 8213
2815 7523
8410 3505
9738 7870
8018 3635
8311 2191
8153 3327
402 1064
5302 2212
2845 8824
5598 330
3404 8630
7919 1248
7726 767
2868 2098
8776 6481
9194 2054
8335 1031
1518 3799
3361 8381
6543 9767
8471 5843
3614 1352
5991 3007
6392 4926
1804 951
2264 2325
1744 7414
2525 7456
6365 4391
7288 245
9010 557
5414 7750
181 4277
8907 5793
331 5303
6935 7714
9439 7236
4168 9732
53 7538
5822 4127
5426 2068
5805 8556
5303 7479
906 5532
7723 3312
5033 6027
5916 2677
8500 7023
9452 798
8161 9810
7150 8594
8750 4445
692 3726
691 3416
5854 2022
2880 391
7036 2259
1134 7914
63 4652
2274 1380
1075 9566
9786 8251
682 9098
8600 769
2848 3643
4175 6831
7171 6182
4271 3773
7240 6416
7613 5277
9961 8201
5800 2806
4539 3928
6 2014
3630 160
8660 7575
3972 5819
9713 319
2095 1231
7373 7828
4480 6472
3538 446
9497 7208
4980 3437
9065 8165
2199 3969
8009 4524
7038 7005
4162 8566
2590 5042
6278 405
7249 8030
8308 7636
7389 4873
9140 8085
7832 6017
2287 3637
9613 7500
4047 8499
8688 6881
7355 3138
5980 9318
5049 3572
6089 5798
6576 3868
772 7509
8479 9556
3118 3108
3137 1042
8559 374
8392 9052
4095 1590
9159 4711
1537 5201
4175 2737
3149 7691
9230 7205
9141 1491
474 1136
1564 8461
2344 8870
5960 1905
4966 4569
2202 4492
1199 6773
7645 631
810 9889
6489 7502
9533 6774
8461 8154
721 1945
1254 4207
4587 5265
9673 4094
4575 4299
260 3751
3786 5652
7681 2571
4992 529
3042 4087
6832 6232
5159 484
4642 6075
9316 1204
3659 2066
2095 6868
1608 970
3972 3205
375 7011
6161 1952
8839 5708
6729 1352
2309 1816
3334 5608
5748 9289
4812 4593
7876 6559
3439 3942
1048 1263
8892 4254
8621 9959
5374 3795
3908 119
612 4393
3200 2321
3736 8569
3300 8112
2902 7738
5905 2723
9264 8700
6619 9655
7421 1027
5207 9045
9386 4236
567 1216
8738 5624
1611 4827
7387 8727
1574 7684
1814 1051
2995 6950
124 9963
8811 3216
5066 4219
1878 7843
3340 3149
1634 3433
6667 1233
9512 7930
5618 5897
3739 1884
7268 7892
9225 2168
6251 5127
5133 8744
9228 3069
8938 6137
3732 6402
3135 5461
3798 252
9310 1469
7242 8964
1374 3675
7013 9596
5452 7705
9530 9028
195 9823
9806 2446
1127 5503
986 4680
8607 2220
8658 8993
2078 1661
5439 1079
2570 1173
6214 9456
2332 8789
2234 1648
7723 2370
2427 7991
9821 5339
6737 1755
9314 6484
253 3956
6737 6387
1980 9123
4582 5169
1949 8802
9210 9252
7282 4338
4745 5801
451 3969
7443 3441
3903 4460
4077 32
5769 7245
5091 215
3507 1841
1974 1620
5397 8994
3497 9012
9295 4877
1374 4509
1562 8242
7855 1787
7032 1598
8096 7440
8262 112
4907 6010
4154 1444
1847 2478
2600 2134
4042 3764
311 6532
7921 2168
4247 7254
6870 3426
2131 3706
2352 7804
9935 21
7491 3833
9724 5582
7996 1139
2898 9065
6389 1267
977 3005
9396 9273
7865 5949
4660 1248
8310 2186
8316 4717
2217 9958
4284 5676
4972 4759
1649 9346
5712 7011
4755 9877
2898 7274
2324 5823
3239 2397
2403 2013
5107 5378
2522 1331
3914 7278
782 1938
314 2311
9941 510
1132 4601
8260 5889
1103 5842
2176 4400
5277 9624
5623 9248
4050 9918
7108 9381
8883 6110
5654 5583
2045 1870
7323 8230
6550 917
1798 3865
6587 5480
2653 2072
8118 8055
8824 2156
9545 2042
3098 1357
2853 5623
4556 3127
6868 7643
9751 373
401 1810
5501 5168
3143 2864
7109 9159
9939 2325
6882 5609
6966 6707
8638 8430
2433 3671
6231 5797
8967 7654
4692 3771
1681 8374
9887 1760
1792 4726
4500 2107
3200 6434
8157 9538
21 3044
9761 7450
2183 9780
8726 6537
4401 3057
4871 6970
4441 6077
6397 3732
2564 4392
4129 5807
106 528
327 4358
5066 2893
5579 1342
3122 2168
2167 2364
5555 5530
5415 8234
5173 6805
2373 7105
9557 1855
8694 8741
885 755
1478 2358
3896 1098
4268 1999
6914 9009
4284 7462
8407 551
5974 4964
4762 2395
6724 5414
9776 3388
408 1497
616 5441
907 4797
7419 4960
6816 5817
6402 2635
7741 70
2356 9769
6709 3501
2678 2099
6350 9996
5530 630
6320 2872
3621 3597
5245 7775
6991 2331
7352 1774
70 8232
4587 7974
6240 3539
7539 2090
1051 7766
9736 9536
6363 4775
1069 3765
4671 7647
629 9523
8478 1177
7832 9011
5969 3569
365 8420
3490 8152
2343 7018
9678 3492
6972 4794
6181 9498
2675 1598
3694 2554
776 3540
881 6079
1568 7155
4289 1491
6904 6683
9947 7232
9551 802
9125 4245
3218 1395
8581 7554
6510 940
9754 8566
9473 4881
1158 95
3360 9952
5014 7536
526 8624
3476 2138
9138 7832
884 835
4445 2245
539 9560
3831 3044
1915 1122
4780 596
4062 5057
7251 5373
1426 9876
9285 9852
2252 5242
8271 9366
7491 9726
5979 4430
3048 7349
3054 2683
882 560
1936 1897
7485 9699
8377 2915
2222 1872
542 6815
2070 7934
9646 9661
9239 1224
2991 2596
6533 2842
4717 6840
9392 6502
2423 9092
4169 8721
5169 5261
393 6042
3020 9882
9357 9841
77 4642
1247 6065
7968 5782
2088 4100
7976 3582
9650 64
1043 6481
4101 3829
6235 2633
1445 7142
6371 5523
1674 819
1766 4776
5350 9898
8533 448
3837 9025
7239 3579
4043 3717
7908 8387
3387 2243
338 9269
2196 7173
7036 5978
2409 2418
1101 5062
4583 3318
3425 4869
4884 4853
3573 1
2818 7937
1386 5900
1860 7063
229 8888
3894 777
9577 891
5038 842
4881 5062
4071 3660
611 4820
5232 6280
5256 1839
6281 9975
8602 1628
6973 4664
5388 4670
9976 4478
8975 502
632 2334
1591 4264
4308 7738
8643 7094
7523 7486
2316 2547
4515 3722
8924 6262
9219 6716
4396 8299
6087 3591
2969 9028
4634 3015
9964 7089
3935 2669
4531 9386
7067 2755
1196 3280
522 2768
435 5709
5953 9581
6188 3465
9042 1648
8046 8818
9277 5571
7600 4970
1684 9591
552 8719
6278 1114
4144 6403
926 1698
64 9164
3861 1298
2255 3166
753 6206
855 346
7482 6544
9813 1249
7125 7968
6661 3714
6060 228
1601 7198
496 9727
5522 4290
1500 7695
5884 8008
6824 2800
6195 1660
8649 8762
5219 7575
8653 4697
3691 8629
9623 7367
827 7488
6221 530
8653 5932
2505 161
2 65
5045 7976
1643 2628
5586 7501
9977 1011
7026 9030
7940 6110
8493 9354
8283 3678
6667 8230
9554 4165
4219 9635
5145 1618
2324 1268
3973 5695
4880 4498
3337 6957
7833 5451
230 4234
9547 7850
9459 8326
9919 33
2793 3355
141 4709
2380 2129
7660 5586
6769 3541
8501 9443
4184 3671
324 7319
6818 6384
9477 7574
3024 3796
9691 3314
3826 6204
5859 5753
4847 7649
9660 8957
8227 6297
6505 3940
3888 3821
2009 6751
1792 5044
2355 1554
451 3566
3351 2498
8102 2452
7613 9444
5656 2939
7837 8276
9148 5491
8506 8243
9601 1927
6124 6373
6038 901
4253 9181
8928 7459
6534 9691
7181 1263
9870 4388
2560 3229
1787 1111
915 9617
1333 3202
566 8656
6491 2210
401 3047
8064 4524
3951 3365
5986 632
9914 659
6403 9906
5134 9240
5658 2120
6584 2896
9729 968
6521 3853
4573 9816
2090 4364
8564 5915
4823 4231
6138 7261
2005 5141
9877 7977
8991 3192
2805 9249
7642 697
6912 1180
2252 2926
441 9849
8726 2942
603 1607
6264 1114
6072 8155
7180 5536
2689 9868
3708 1042
650 3356
3389 1353
6623 1876
5732 8721
2251 6542
5743 4368
5768 4683
7993 3661
292 3593
8366 4021
191 4192
1312 9094
767 282
4140 6690
5046 8679
375 1364
1111 1387
8222 804
9792 4783
9526 500
233 8147
1902 9457
3827 2894
2259 3349
3044 9298
8858 8195
5777 8480
7611 6514
232 4763
7641 3957
790 2286
1195 71
9538 1853
86 6450
5623 764
4944 1024
5557 5559
5310 711
5869 1915
2282 702
4394 5605
8846 368
7750 1659
9512 5096
9544 4710
7365 8818
3539 2365
1490 2860
6030 9267
6417 123
6190 2266
4235 5409
3858 7680
2673 2055
6945 1691
281 2202
3356 9667
5165 7653
3249 3194
7049 6571
9827 4925
9936 4141
9858 2331
3004 7929
9960 6568
3742 2092
2304 6974
6593 1596
6274 283
6117 2759
7345 6440
7571 9710
4060 4494
7929 3535
1752 2809
7244 4224
2328 5895
5263 4915
3203 1563
8620 5926
6740 7165
4858 9395
8603 1629
853 9543
4811 1787
6450 8272
3593 2719
6868 575
5573 3153
3663 3212
4706 8351
533 6945
9951 9036
1227 440
9433 6766
6080 3579
6371 7985
7826 7748
344 6288
9210 5272
3049 204
8385 6143
4180 6031
6362 5278
3987 3481
8317 3650
4467 6551
7903 427
333 3109
4507 2398
3769 8134
4661 1978
7765 8777
2586 7177
4464 9341
6865 6103
424 7096
7897 7833
1833 1773
6498 5861
3280 5297
3469 9878
7955 4497
2045 23
7268 8207
5664 1474
5219 1099
6730 8354
8884 715
5391 4459
9297 8323
8649 9296
5263 759
5507 5072
1860 1738
7578 6637
6186 4692
9418 3606
7806 6140
3532 5141
3013 6285
5725 7950
4190 7964
6631 6222
8117 4367
2513 5379
1741 5969
4308 5195
314 6044
2351 2539
5182 4535
5274 5702
7605 2354
1731 9569
1019 9596
7571 234
8925 3883
532 8376
9760 784
4300 4134
942 7275
9320 1652
8435 3849
2076 1434
1546 1438
5620 4997
2205 8740
8059 2482
515 2892
2445 9968
9408 9534
4578 7623
8961 5446
8659 3807
2403 6360
6299 6436
1117 909
1047 5859
8166 146
9455 9174
8375 3382
6600 7981
2699 7287
7981 5532
2116 7127
7484 8544
8961 5940
590 4157
2750 7583
9785 6130
7017 3412
3084 2802
1189 8335
1594 6209
5394 4273
4802 6434
6590 3834
2947 9383
4409 468
6966 4613
5217 4383
7140 2888
5621 5678
8680 8254
3100 3892
1255 7732
4825 4664
4838 6214
1155 1696
7450 8883
6179 1509
7747 3850
4003 3436
9014 4112
3038 4722
6541 9397
3444 4890
6183 2417
9481 7704
738 7173
7650 4632
5495 9052
2342 9106
136 202
6705 3943
7786 107
6045 1491
8840 9574
2102 4502
9388 6619
7149 1643
6395 5545
8793 1616
1358 8013
594 7518
8106 7081
9701 4982
4386 2745
679 9518
3612 5295
2031 2697
790 1128
1288 1051
3846 6176
7436 2018
7895 4146
5875 9434
3401 721
6265 7660
1026 4891
3369 787
6049 514
7122 1383
9276 7940
8599 4613
2570 9462
227 1146
1231 1738
2717 4449
7682 6354
4439 1733
3098 7652
2714 8645
6528 2240
9265 3581
1555 6279
9760 3774
5460 3334
6655 9514
4907 8610
7993 856
1645 4870
6368 1250
2859 4886
9580 5963
8276 5006
2703 3515
7507 7944
4195 2767
724 9087
5786 250
6212 1340
8027 6355
8127 6570
4837 4240
2865 7191
6904 9439
6539 6973
6543 5723
3688 7158
7732 5744
6010 5506
182 4522
6014 7089
4809 6732
4355 2186
9142 1505
9407 8031
1423 656
7800 1921
4051 4622
1884 9594
5550 320
1891 4519
816 3345
3703 8892
2771 8988
2411 7064
4067 9295
3515 2876
7980 5299
6009 1026
1843 8468
3797 9602
2335 7996
734 5862
4467 7069
6632 3589
1643 9637
6448 6436
4882 1778
9167 5702
1755 3179
68 4546
6607 7501
2523 5393
2796 824
5235 8703
4007 7198
7221 1631
7827 9888
7666 231
2776 1444
3269 6082
9215 1104
3170 3423
4852 7349
6259 5918
8529 9828
2661 9208
2374 5994
6018 2746
7595 3269
1357 9459
3127 8875
4646 8066
9763 4047
7613 3967
9823 9585
7952 3281
4950 8393
678 5298
9157 6968
9357 7655
1015 6542
9381 4538
8950 4448
9436 7875
1554 5766
6550 3016
7569 6700
4744 8336
6867 7557
5093 409
1948 6988
6809 4354
1663 5666
5158 1902
9268 8753
2959 505
4372 509
1796 8461
9341 4536
5569 2746
880 9141
655 54
1750 3686
4977 6228
8955 7213
1692 12
772 5041
725 4715
8545 7256
3523 4189
290 7318
8463 6874
9377 490
2526 1128
5282 916
2152 6882
6484 5963
3072 8115
5344 6076
1414 5904
3520 686
5961 2249
8038 5297
318 6874
2269 7263
388 3484
3681 5976
714 7254
3553 2314
9878 9423
4917 2659
9889 8247
9954 5288
1954 6926
8779 2368
6275 8114
532 421
995 8795
5592 7752
6969 8191
2324 6290
1316 888
1451 5278
5969 5574
6922 6596
1999 7926
4377 4566
9784 81
1489 7399
2921 5522
10000 2420
545 3723
6393 5612
494 6924
5995 7637
3638 7877
8888 2005
2092 4036
3905 977
4865 5360
9132 900
2490 7357
2668 4547
6605 9482
1534 9881
3473 7562
964 8020
5964 2991
3118 7562
4539 6678
461 5528
9328 6769
7156 6551
2544 3903
3034 614
5699 2477
5882 1436
8503 975
7587 7554
6888 6887
3109 7691
4929 2683
1542 8417
1473 4207
6421 9301
2378 6540
1777 3767
214 3008
8847 9739
166 2788
4102 2571
5782 5702
8457 387
684 1161
8735 1337
1178 9877
8489 144
6206 3582
1668 2336
941 4912
5252 9277
4071 6174
5392 8284
5453 8049
2467 7426
4137 4034
8427 3193
1164 5255
2622 8779
6032 6961
6541 8686
4343 611
5233 2169
6921 1655
7315 8346
8101 7468
4015 5436
7287 5091
9191 1011
4694 1205
4971 7705
8475 2598
2991 8623
6853 8126
4374 6583
5975 8753
4091 2375
3324 6238
5750 3790
9632 8634
4349 6856
397 6084
4489 1211
8406 8569
9206 5996
417 281
8684 5442
1222 283
9625 5558
9453 8679
6178 3648
3084 9272
4950 5040
9309 3948
5196 2682
4376 8138
1324 2309
9612 780
3784 8491
8832 9559
4263 537
1651 5658
4820 1754
3293 3681
4721 7200
7614 1963
7146 6287
8867 624
9390 4640
5191 925
876 2604
6599 520
3045 1194
8594 4626
6343 1835
7457 3519
3838 2002
7711 7134
2447 8241
4574 1217
4253 1539
6728 6553
610 9739
5984 7666
9955 5532
7956 7630
6501 6275
3436 3240
4563 3324
4879 3849
8699 6444
8652 7850
5022 2196
7933 3435
4423 5787
3137 5693
654 7229
1820 9278
256 9190
2564 9490
5180 1210
9831 9787
9102 4041
6811 1564
8822 5112
5643 799
9404 9523
276 4649
6299 8384
2299 3052
9104 6360
6015 6332
2690 5761
6176 2453
7271 3326
1083 6398
1862 7858
4115 4909
7111 6303
2008 3630
7366 5726
2443 8524
5996 247
2173 9591
9235 9684
2432 6951
3459 886
9611 8223
9650 9273
1176 2945
9661 2448
3362 363
9083 4694
3865 8766
4041 5938
2471 6424
906 2221
6808 3031
84 5251
7951 8074
2273 8271
9364 9304
2983 4798
3511 468
2128 6770
5889 2129
2059 3025
3138 4479
836 3863
376 357
3108 937
5777 9906
669 3489
9316 583
7681 6385
7859 7541
4235 373
1458 5194
487 7340
4696 6884
5078 3437
3320 2717
7457 6191
4810 4071
4027 5597
1777 4604
9925 4343
4783 3926
5289 2760
2340 1067
640 3293
7328 6009
668 5456
2170 2463
1167 523
4346 8256
7048 4299
5317 1096
9569 2765
5859 1777
8596 656
7861 5151
4864 1662
4691 8822
415 689
6617 4540
4171 2396
8895 36
4083 1852
6340 4165
7257 6493
4022 9489
3154 7692
3642 850
4900 3580
5473 36
1727 8840
8347 2115
111 5228
5315 3236
6184 721
5735 7511
9404 7167
3098 4654
5278 5612
167 4660
4527 6010
707 2785
7263 4219
260 8369
8752 3764
2722 9568
6187 5114
5277 1725
32 2661
2643 5480
8069 6834
2696 2258
7711 2616
7986 3151
3649 8004
7656 2364
2363 7583
1354 169
7158 797
8782 512
2849 5599
662 4546
3293 2675
3460 970
8800 1224
8222 9209
9547 9284
689 5491
6454 3743
8532 4147
4447 1667
3430 8140
3330 8315
8345 1693
2537 3247
8818 8489
2046 3825
7420 6163
3747 8183
2562 5371
7353 6303
7029 270
8088 8004
795 8622
9220 8476
5831 3701
2737 6505
7506 8147
3710 2336
397 47
9916 228
8722 6489
1201 6761
833 4587
7744 434
3407 236
2819 4158
3933 3769
4782 5781
5541 6383
6477 262
1281 4986
434 6032
1177 7624
5303 6888
1741 3768
5167 4719
8655 7506
9178 4290
1425 31
3003 3166
6848 8264
6242 5833
3511 4099
6674 7733
4317 9702
8240 2135
8012 72
93 5181
6379 1652
5725 7678
3363 7139
5027 5007
521 141
4018 6973
3785 3362
308 1526
1804 4832
7405 8302
7090 5590
7159 6402
5362 8529
7074 1562
506 2243
1283 5510
8033 4819
3268 4765
1086 4793
403 332
1086 4645
2384 1917
2442 5841
5965 9506
2184 8476
3271 4393
1564 2248
9949 4435
7929 6788
4643 4548
2887 6588
1073 564
3097 1676
7757 3564
1785 5197
4962 1892
8836 1635
4563 369
410 2065
6029 3340
3516 4024
6454 3073
2701 114
8357 1818
2538 5975
9660 15
934 8239
2810 1826
815 80
959 7439
8226 87
108 8127
7799 9987
4668 3992
3073 3185
7517 4539
5659 4129
5135 145
1215 3025
9749 1309
8631 7646
2933 8570
2939 2204
4545 9323
7586 8124
3800 4705
360 2666
4436 3186
535 2867
9978 9964
1218 20
5337 841
7389 1718
6131 270
3250 160
1468 6368
4139 8614
3348 2502
4893 2115
4782 4611
5563 5541
1349 5290
5747 7503
6883 5377
1431 4263
2514 619
4232 6957
862 1993
4292 7387
5590 5932
3318 9820
5417 4210
7751 4037
6610 1353
3723 4457
5304 7596
9733 2179
4181 8587
320 7277
4290 4629
2032 7476
2708 4549
4832 9048
6916 6224
8021 9737
708 712
7327 6487
842 9182
6451 6887
3276 4331
583 8756
4539 1822
6203 6595
7375 6444
1830 401
5107 1984
7400 8242
1392 2347
545 7203
708 6979
6767 649
5238 5645
6913 3373
2739 1719
948 251
2610 1492
6962 3836
9258 5551
4103 2052
7803 3416
4017 1592
6594 1010
556 7346
2823 6046
3561 8764
7912 1403
4700 2752
9557 6388
685 6414
8924 1576
1840 2034
5849 2383
1800 2345
1719 3888
2882 7616
6435 9822
1386 3856
5164 2643
9415 8099
8815 9253
1403 6338
8469 2873
1310 2711
9860 7515
4791 3528
5534 6237
6298 4275
3568 6431
7976 7931
9438 6810
6893 1472
9544 9857
3115 438
1944 9755
7434 576
3874 1589
5954 699
8908 7747
2451 1371
4752 7986
7931 2371
8307 4631
5572 4364
8937 7712
492 5586
6097 8873
9269 1415
1839 2616
633 6671
514 8145
5495 9548
4278 4732
5662 283
827 570
6325 9729
5668 4908
5375 5570
1018 6635
752 9661
3391 8706
1793 9183
4503 8707
7536 5859
8037 1636
5217 4722
2090 8868
9823 5180
3759 8764
1228 3479
8862 7510
8371 7427
2264 2764
5348 225
2399 4345
8567 4012
7321 4600
641 531
3805 8999
7154 8338
4616 272
7794 8939
1497 9830
4688 766
4314 9292
4348 2197
2026 5396
415 5643
3095 357
4512 4730
3846 8153
2648 3239
4605 8072
7235 9381
8183 1842
6828 1464
3971 7598
1588 3088
3605 9803
9109 6253
37 2904
2610 7951
5850 1020
9070 2535
6445 2400
6592 9035
4465 8196
249 5073
2536 2120
129 4648
4338 3541
4265 3455
3918 8174
1385 3543
9217 5382
4506 88
2076 4843
7190 3506
8456 9891
1745 7206
1590 2470
3230 3414
8927 9983
5434 6524
3255 7197
6056 7216
5626 6598
2163 8179
5541 6714
9998 273
1663 6756
12 2394
2959 4087
8753 3571
6843 1876
8667 8072
6533 7653
2570 6249
8752 8186
6823 4518
7528 431
995 9099
4515 304
4361 3128
2062 6200
1305 7580
2385 2247
6094 2905
5341 590
3575 7647
5120 6836
8663 4445
8337 9749
789 891
7329 4863
2640 9562
1178 5185
438 920
1065 5381
1001 4695
1560 541
665 3624
8183 2885
1657 1660
3634 5802
3611 7255
7512 705
7233 117
9633 5674
4980 6490
2183 1504
5360 5603
9632 528
4870 3777
5833 5608
9989 9691
9648 2537
5415 9042
3669 8240
5504 4757
5820 7036
1675 7749
5436 5059
9841 1869
4133 7621
3215 1412
9635 3468
4065 6158
2355 2017
6182 8545
4714 2548
5995 4216
7965 8876
9795 5109
8106 7039
1892 1146
9049 9516
8063 6243
9030 4684
3581 9914
3234 7440
4023 7453
8506 3064
4524 6211
1360 7282
6513 2281
1818 8346
8994 235
9654 6722
6178 8734
5955 3933
6864 8694
1115 1400
4424 5410
4438 3250
3070 5939
2120 482
4853 5624
9138 83
4418 3254
8438 4134
8180 8769
3573 7922
8022 6513
9604 2532
4005 2923
7919 8929
6761 1971
6368 7071
4143 6818
8086 6136
3682 1681
9383 5101
7170 971
7534 6277
3970 8982
3444 8117
6808 4381
4282 9879
708 3024
9818 6096
8721 395
3319 8045
9674 2392
2355 4919
306 9932
1469 7169
2753 1273
9935 2896
1065 9307
9908 8239
1005 5935
2460 8587
5016 9482
7605 8503
6396 3905
553 4510
9470 6595
2041 1710
4825 9623
7890 9585
8132 6437
2982 819
866 8417
6226 4880
3466 4870
6811 6802
5845 9138
2317 2712
3060 6392
3064 3887
5577 9792
1220 7440
5908 5839
7688 4121
9411 2545
8257 152
3148 8788
5379 1336
2479 6385
9321 8608
7674 9851
2138 9588
4797 4665
9756 5421
7238 9599
4522 5116
4201 8167
8317 1026
1493 1367
9817 7230
6412 5082
1707 8541
3257 6392
7039 4676
793 263
4508 4076
7697 58
4190 3601
1790 7460
1831 4298
8088 93
1387 7663
3127 5797
9884 4052
8814 9499
3885 7155
1834 8310
5042 6434
4649 7035
5229 168
7373 5251
6509 6500
5300 1303
4811 7353
5753 9387
9719 708
7393 4717
1766 4386
3800 6069
3667 1409
4405 5797
4424 8006
7475 1068
7282 6731
7693 393
5473 1535
1923 3747
9127 2864
6347 1835
1557 7615
8070 454
9373 2028
9856 8222
532 4035
8761 8051
3775 5451
7235 689
2545 9223
8447 1323
537 1586
350 2371
6762 5166
1059 3048
3127 5306
6725 6609
3075 9154
9595 9172
5478 2701
3173 3681
7101 2826
6987 4444
8308 1847
8560 5763
4369 140
3994 3221
9242 6006
2846 2994
6278 538
1620 8739
9262 5951
6516 579
6430 5351
8485 8594
910 745
4865 7798
824 7977
7432 9065
9772 145
4674 9689
2387 5748
5748 2053
1114 1166
9237 2129
7841 7515
6009 817
4207 4151
211 5760
2213 8038
3610 7447
6031 354
3248 8583
2141 4453
8683 652
9720 1806
5526 7369
7723 3848
2571 9584
8449 9800
5353 5168
3872 5420
1108 5994
8226 7231
1116 9006
9886 8734
8959 7916
4742 4952
1063 139
9959 8184
6110 4482
7452 6286
5430 1209
7323 3549
420 9708
4538 1357
6280 7188
5061 5639
4127 838
7382 9939
6980 7404
7498 7884
5145 6304
6747 9169
7320 7693
1431 100
2951 6832
8310 942
1684 7434
9094 302
6142 5348
2410 5552
4325 8946
180 371
886 1496
1446 7377
8123 5806
4548 1247
8138 9851
4105 7511
8218 4485
3222 4004
8131 9528
6894 3838
2208 7920
4734 3525
6938 353
3024 3563
8385 4911
6652 7586
5271 4425
1552 3534
1254 7335
5285 3140
5052 3608
7545 1298
86 6024
7996 8065
9728 2411
1076 3345
1733 3806
9879 7057
5163 1213
5112 2927
3623 8882
8019 7889
383 6030
8093 701
9365 6930
1182 3560
7038 8998
4259 5137
2739 6295
7003 9212
737 6596
5916 2735
3880 8332
5084 8928
2980 8104
6661 5716
3051 4454
272 2210
6409 224
3168 3016
4538 3292
8529 2436
3259 3946
6521 3973
2525 3810
7864 1450
4822 7401
2837 7670
7457 8782
6426 6472
4776 6372
3119 4231
9480 1371
8582 7443
8579 3327
9877 5766
6390 8060
6347 2259
9971 804
8155 5236
9508 5717
1069 1856
2661 8762
7475 9543
6498 6297
2341 9242
7684 5080
8573 7794
4609 7173
5001 2635
4739 3425
5204 2071
2613 374
8212 6597
1087 4965
7246 4969
6491 617
5620 9235
3927 5543
9858 6502
427 2357
1807 6835
5284 1011
1984 5364
4007 7462
1289 7129
5082 5515
2523 2510
9819 2791
7029 178
3859 8815
7326 180
3773 3679
9251 1518
1721 5766
9227 5173
2120 2457
6933 2843
3293 4624
7155 3293
1536 2693
8657 4225
1597 4761
6074 8530
6271 9139
7256 9101
8849 8268
6252 4863
7761 7300
7244 1449
5206 6622
7597 2316
8066 1053
4900 2680
4598 5603
3573 9142
4112 8436
6515 7937
9668 4856
3355 7879
6614 9337
3750 3622
9451 5237
7503 9825
1818 1026
6242 6137
6617 527
4659 5710
2595 3545
322 7200
54 2761
6818 2599
3903 695
2032 9633
9012 830
1795 2424
2300 3539
9565 5851
9362 2529
2237 6787
8388 7635
7575 723
9615 3144
9047 3621
5766 6775
4583 1322
6140 2198
5402 1633
6864 3230
2979 7296
8648 5774
3621 7049
7597 8364
3590 1789
9884 1103
5152 4586
1982 4508
5527 622
7310 9642
3486 5955
8320 7232
4096 9190
7118 7109
19 5404
5892 2848
346 7755
1576 7836
1209 4717
6742 9620
1700 1205
153 8149
1585 6553
4359 8520
9230 2935
9499 179
240 8860
397 7575
1536 1012
5915 4504
4280 4965
4414 3617
141 928
5889 7708
2805 5939
8623 6773
8768 2953
836 6075
161 6313
3719 1038
8797 830
3137 4388
9604 6346
5288 3128
3835 6304
8175 7186
8504 9109
9159 8465
121 944
6132 700
1946 3837
5438 4065
1077 2587
7895 3698
2249 242
7631 9545
888 3374
7791 4934
3808 8441
96 234
6267 1833
1845 2705
938 7925
476 1892
1259 1416
1659 9656
8619 9544
7199 9097
253 2384
2978 4151
2578 5781
5921 1103
1039 4237
2255 4378
9777 8530
7070 5383
7706 9457
3684 9864
325 2871
8556 5303
489 9520
1980 9852
3595 5157
5698 8309
6307 1820
7042 8388
6504 2196
3769 8440
902 7683
3483 4996
121 7860
870 4088
6578 3613
5583 8187
2364 2258
3373 8562
8923 6855
1385 5429
512 6963
9274 9210
1325 3998
8146 2841
8047 3383
6055 3750
1520 4662
4678 779
2267 8431
7894 9036
7308 7276
2100 427
5630 8276
9615 5267
4607 5664
8087 7291
2790 4382
4667 8036
2261 3131
9704 4805
4141 1279
3468 7534
2084 3970
6209 3383
94 5020
2648 2509
5591 8083
3486 9874
1086 9273
7068 7414
2211 1202
8270 8617
146 5560
9529 5717
3992 5076
7509 1108
4363 7621
6995 6189
6055 1762
8616 9467
9039 352
8160 4521
3397 9666
2418 3681
869 1330
3150 2211
3966 2231
3593 9905
2604 6730
3982 753
1655 8890
1896 6603
5190 6380
9957 3312
3881 6362
7863 5401
1189 7745
9478 2939
2817 619
1324 9201
856 7301
2182 8956
9397 6574
9428 1804
5968 4053
4780 2016
2261 8340
3970 7011
5911 5041
3490 384
3763 3097
7719 8792
826 2660
3525 661
9032 4216
7178 394
5278 5106
9749 9294
22 4402
7549 3788
8733 2497
2584 8816
8824 1569
9329 404
2504 9109
6559 3075
7409 8929
8771 3281
1622 8521
151 5498
750 2854
1734 9791
5033 5739
3156 8009
3478 3543
9591 6423
9956 2105
5840 8129
9767 6286
682 5234
6494 3951
2496 6396
1430 446
915 5589
1610 7086
5477 5841
6762 7832
2944 7384
8127 395
2887 323
3487 7869
2326 467
5407 311
928 8830
2103 3535
8090 9414
3287 6452
9629 8181
7493 945
5899 5789
5844 4863
5483 24
8314 3290
5279 8104
5777 2739
8459 8537
9961 1874
6436 8468
8853 7647
3141 909
7187 8445
95 524
7005 8366
6248 3180
3071 8671
5308 5521
1425 3254
7496 4180
5534 984
780 4680
2378 6418
3379 7894
8739 4112
6804 4506
6692 5852
1505 8635
4919 2548
4119 6375
49 2524
9684 410
2687 8828
2850 6056
7129 4573
5987 3884
7299 5822
4166 8949
5755 1849
8339 7651
2291 1043
9138 7137
7150 3398
638 9570
932 3706
9276 2235
678 7643
5822 8537
422 8179
5113 5069
5313 4472
9889 283
1299 3971
6344 5572
3444 1430
6143 3130
9132 602
6094 813
5493 7149
1358 9201
8282 3439
2880 3984
522 4159
8214 132
5096 8569
8737 9179
906 3662
564 6205
6836 6500
8182 8495
3315 5478
755 8707
8336 997
5756 9755
9719 1302
5465 1718
3104 2030
1824 6044
2655 9791
2882 8967
3146 4629
8822 9773
5296 9298
7587 8079
6735 6469
6712 8313
9035 6865
6248 4789
93 600
9211 1548
484 7337
2879 5030
9454 6619
3013 7071
3553 2246
7293 909
9236 7131
6546 4257
3531 7610
2179 5990
3401 6104
6764 1234
686 3922
1860 3743
1626 9910
5195 2357
9501 9257
1736 960
8052 252
4120 63
9487 8027
4863 7010
9464 7965
4433 1077
1833 7034
9082 5054
5166 5679
3505 8935
220 7530
8788 9453
5606 7175
8154 2404
1281 9342
5082 6471
9392 6797
6301 180
1485 6295
7195 9780
2190 6475
8444 3016
7141 5844
712 6561
4404 8633
4907 5729
5332 7649
145 8839
191 3805
8358 953
3156 6656
3017 910
1726 2703
5165 4466
3115 1912
9260 6342
4677 1575
5933 5234
6302 3229
4550 8916
1638 7546
3470 7160
1014 4231
8478 7013
1527 1003
6416 7396
989 9645
7402 2489
9042 3821
3464 4490
8631 5465
9962 6531
4008 2838
2520 474
894 6848
6325 1621
7769 3360
909 5147
9096 1929
2546 1328
7052 4440
5260 6761
1756 4556
588 1046
6982 5224
6205 93
2485 6725
1945 9290
9185 141
2652 1715
4840 3174
7100 2306
3142 8759
1825 1366
8072 5776
2899 6932
8248 2497
9721 1084
6354 1266
7338 4305
7128 485
9202 6935
5128 6231
1758 373
7589 8219
7819 2338
3655 6063
1828 3066
5007 7798
9781 8763
7630 19
2286 8917
2285 9622
6085 3606
4149 6719
6005 8691
3743 6417
8070 5194
4149 878
9476 6417
6731 272
255 7269
3387 3014
9978 2270
7131 6799
1401 790
3040 2124
3766 5687
7222 2726
4237 8126
8993 3754
5250 4536
9512 9433
6306 2850
8580 595
8363 9700
910 1361
4577 199
4772 9677
6924 2915
6277 5910
6806 6189
498 1275
2398 8659
8401 2286
8579 1757
5196 711
7945 377
9583 6976
8718 6409
3826 8505
3609 2894
3818 7423
882 4865
3906 4254
7639 3747
9933 1803
9240 4825
7419 3697
8553 3688
1028 6637
9399 9733
7557 7418
902 2720
4782 2168
731 3910
3494 6482
8750 8133
1849 8367
5321 7099
8293 4648
362 3332
8012 5871
4755 1520
1277 1986
3564 4271
4877 4879
1031 9692
5739 9238
9087 456
4524 6921
7023 3286
8560 8363
3054 7416
619 3222
6659 1586
6606 7478
4318 2993
3909 2075
4455 4875
5648 8533
8524 4126
5978 8050
2279 2189
3058 6550
4453 4794
3205 5028
8762 3206
8441 2860
4782 4844
1405 2258
3822 7880
6649 1290
2366 2457
8564 8482
7747 7463
9120 183
8344 2672
8270 8647
5241 340
1758 9368
9325 3662
7386 2812
905 9150
1486 1189
5157 5009
9166 2436
9317 5999
1870 426
7004 5636
6368 9362
6407 5892
6460 5594
2041 5382
4049 420
9101 1002
8307 8915
754 4461
8488 4169
4864 3996
3181 4924
8848 4465
4380 7770
226 3509
4239 3687
8684 753
3179 1612
4843 5072
56 4903
2077 3518
3669 6568
6086 7363
9127 7520
2066 4737
1599 5188
7712 3160
9905 4183
24 7920
7111 3369
2125 3475
2148 2883
5242 351
1300 9533
6699 6560
7608 3075
6584 1299
5734 7645
7255 1041
6133 4428
4167 2818
6596 1961
5299 7339
6428 1553
237 7548
9990 4299
5341 5144
1429 9484
9540 2048
7471 6448
7241 985
659 6737
4169 5520
6674 741
2262 5886
9378 3106
148 575
6945 1969
5660 2446
976 283
5615 2069
4493 3046
4075 7672
167 3504
8988 8638
3319 3330
5310 1848
9953 1660
4773 9281
7036 2229
6964 1230
2057 4199
5679 944
4182 4812
8204 5055
8098 8918
5852 6636
5676 2210
1746 1507
248 8329
8297 3753
338 7769
8079 2497
3652 817
1260 7496
2899 4271
8886 8894
9758 4676
4047 248
1022 8720
7151 6107
5444 4989
1265 7120
5967 8241
3388 9412
657 3140
9926 2191
2367 3076
8108 4216
4700 1412
8995 3636
81 5382
6764 9657
7531 9680
4795 2247
7096 6123
9232 105
2290 9340
9469 7550
9876 8983
8709 7504
9522 8372
1792 8547
381 1896
3491 9363
1498 6395
4888 7843
9010 516
118 4093
9522 2015
8876 1348
4565 3581
6068 8900
1030 3600
7243 1976
5233 8700
3733 7262
3695 6430
2294 3469
9613 6909
2721 994
6160 8253
165 4312
522 6634
8010 9489
6185 1713
9254 4325
5750 6396
9567 9383
2261 266
1793 4618
1908 4403
4208 9206
3582 4381
5595 3382
1583 6665
3260 4394
1689 5084
393 6602
8016 4962
3907 7981
9860 2727
1091 9698
3462 9577
5952 1552
6541 994
3387 1392
3852 1503
1195 1969
6634 6327
2158 8382
1705 3062
2308 514
1981 5728
8048 7216
6325 1568
6013 8098
1891 4363
7757 8742
162 1582
9275 8118
6601 560
3449 6822
4067 3127
3650 8364
8298 564
773 4868
4627 5678
4830 159
7503 3826
9099 148
3135 3296
6683 1825
6402 8779
2393 8577
6352 8110
6703 9063
7873 8566
7885 1820
3123 6012
9823 9883
2629 687
2673 8709
263 2090
6510 5490
3678 82
931 7966
3785 9919
5022 536
5901 5741
313 7992
3574 9572
6418 2331
1562 6409
8182 3138
7108 5090
7737 1729
6983 7421
1858 6852
1704 6089
4086 2174
8522 370
9633 2552
1474 9992
1315 2814
9008 3501
8797 7450
3378 2866
9045 130
7369 1654
456 1869
5727 4536
1620 3903
2451 7989
6221 3556
2763 5276
1192 1446
2650 3035
6322 872
8133 6400
5492 7085
7414 6541
8216 9476
6920 8896
3577 7395
4957 7873
1907 9079
3764 2862
4206 4482
5321 7855
3052 7576
7036 4488
3647 8756
9321 902
4483 7792
6169 734
4741 4691
1891 7946
3068 5176
4611 7052
7973 6737
3188 9537
7684 8736
7582 3886
1853 3408
8572 8455
8700 5687
5743 1114
6794 7436
9773 6850
5823 305
9852 6551
1861 408
4663 7694
6153 4009
932 4198
3230 720
1645 1871
7036 1860
9694 4757
8293 641
1481 6297
5124 4370
8936 8744
5780 5617
8385 4179
1069 5320
66 1368
4509 4079
8012 4883
897 6096
5761 8398
7226 1816
5718 6995
4543 2280
3205 665
1584 1483
4829 7291
8658 4991
2284 2359
3867 2953
9918 1045
5655 7497
4951 9789
7058 686
734 225
851 7750
5015 5274
842 4150
2652 5365
3526 3887
7278 8331
1473 9774
5111 1870
5809 4969
6900 3765
6179 7687
4068 4691
6864 7836
4923 2079
4232 8414
4832 9873
5012 3818
2424 3012
8171 8407
3891 321
7560 2290
7008 441
8616 1312
809 4235
3318 2189
5003 8989
5533 1605
3324 7363
2891 437
63 8444
2094 3404
1735 8350
618 3854
5349 1048
8772 7525
8339 1346
8488 1873
8666 9325
6666 4482
3672 1651
9832 4677
1726 9362
2900 1954
1187 6430
9987 7205
486 234
4305 8465
3818 7093
5028 7170
1378 5840
6998 9751
2023 868
4602 9087
9529 5143
8656 3512
5177 7328
6799 7000
5914 2316
7416 2219
521 561
9737 7486
6658 2854
6336 5190
1513 5160
5556 4147
301 7425
5601 2386
7399 7695
9776 311
5339 3210
3319 6113
4479 913
9315 408
1447 5018
9970 2272
5766 267
7561 4924
3924 1775
5202 3207
2817 5241
1279 8059
7256 7794
746 3614
4562 4916
7805 6194
9210 170
4634 1481
1975 9450
8534 4121
8218 7235
6804 6245
1204 6664
3377 5788
9823 1446
555 5693
1950 9661
4924 2357
8952 9945
1397 4777
987 2638
3458 4995
5121 8678
2409 6297
5755 4270
1049 2390
3835 5547
1078 1298
4505 2452
1826 1013
6788 9968
4153 9365
3040 9122
2400 2334
7899 3020
3317 8376
904 9608
3770 7341
7259 3179
4466 3354
2591 5351
8295 7346
9196 3914
8866 9866
4361 7052
170 3425
343 233
6621 4937
7370 1413
2391 8140
4205 329
8293 628
7706 6815
3619 3423
466 6162
5385 6659
282 2605
9299 6800
9413 6057
7188 81
3127 4776
7001 3528
8108 132
6032 3935
5558 8068
3030 9853
573 2173
4688 4201
3325 6449
9604 5945
9967 5093
2642 5176
907 8309
7934 1697
2073 716
1237 8574
6562 8636
4104 4257
8320 9143
780 3995
4924 8090
5397 9418
8918 5804
6179 7304
5970 4966
6438 9535
8719 6629
1136 40
3564 8948
5975 453
3752 1410
239 2938
6408 1991
5762 9727
6662 7595
3669 6218
3267 189
8642 6050
3353 6001
3708 55
6967 5152
5228 3230
1172 3683
6621 8133
4574 7569
6055 7595
5430 9632
6502 6991
5501 4855
1072 5205
6444 9408
9038 4777
4648 7873
5603 5492
9543 4007
6741 9002
6389 4788
7331 2249
9958 5419
7336 2619
4591 7043
6880 3327
888 9301
5097 2293
9849 2292
129 5179
3891 4679
7059 5868
7228 6082
3898 8000
8136 7245
1703 6748
3985 6261
8313 8094
1878 8763
8670 2157
8245 4077
7023 7755
6914 7649
7375 9053
7721 4881
1780 9383
3340 9517
2065 7387
4060 583
8794 8094
5753 9646
6902 9104
6485 4299
2705 8840
1967 1497
7168 7955
9920 8151
1641 4656
9906 1475
6850 6583
4691 3591
3585 4987
8014 3523
3942 7522
6716 6576
3959 4782
4314 2801
4724 1328
7930 3266
2166 4906
6569 8702
7440 756
5145 977
7837 4190
9682 1696
4661 9934
4991 4125
4376 799
4297 6130
650 7962
7666 3819
4354 1159
8006 9179
5794 6469
5765 4646
6844 2433
3129 6218
3843 537
9056 4614
5812 2810
8302 6523
9345 4679
1287 9646
9295 598
8407 870
702 5686
4639 9000
3930 5400
8813 7355
5760 1618
2681 538
6627 1350
5622 6864
9756 7008
3238 9952
3691 5503
7828 9453
9051 8166
4261 8052
8436 6533
2112 7452
6716 1410
2219 7221
5713 563
9154 5407
5710 2132
4228 9790
2042 8042
1205 8117
732 1224
728 8176
8368 4434
3339 8531
5608 4895
3230 2865
7130 5452
7695 8208
4344 5135
1079 3063
3308 6449
340 218
8830 8246
2267 5177
4999 2021
6486 6054
2719 8825
5155 4395
7474 6790
7930 8588
3089 7467
4467 9990
668 685
1198 3518
7743 12
3189 1022
2647 9131
5395 5234
7585 9563
8653 7917
3509 3722
3657 9086
1968 7201
7552 9663
7810 5034
4324 8067
2218 8596
9091 1129
8558 7314
2482 321
7549 4932
8782 6526
4195 9099
7280 4801
5982 7355
9695 7341
3461 7265
9409 5122
7064 6055
9794 9109
5427 1051
1964 5600
7553 5334
7147 3507
6403 6166
5658 7613
912 1818
4130 4062
1661 4120
313 6221
3345 4882
9262 4251
4653 915
6362 1322
8577 5569
8719 1159
5013 3518
8049 4602
1616 4014
6371 3669
7681 9924
7559 5493
1319 1086
6155 8429
5913 7078
434 3083
7028 5942
4520 5137
1211 7812
4633 233
8638 7560
9780 2744
7680 278
8053 5535
17 3627
5074 3396
2957 1979
5163 4985
5941 2062
527 2748
2417 8189
9055 2587
3429 83
1413 794
6668 2389
8932 181
2430 2469
2166 8049
2193 6816
9440 4892
5919 1355
3710 8103
8511 1853
6301 7314
9828 3560
9711 3958
8906 4095
8030 4312
1525 9590
5017 4329
1797 890
4094 3791
3630 4542
3724 1596
4585 8785
2011 6129
1540 5156
809 6883
6392 6130
8781 3483
6784 1213
430 5100
7181 9272
2905 1819
4964 1362
9684 2211
9111 3613
3811 6452
8996 1065
714 1651
6141 3642
2425 1139
345 2035
4281 7367
4081 8645
6332 6787
4670 5442
2138 7207
7514 636
7864 2493
7142 2694
2999 3765
7529 1053
4157 5604
2902 2742
7082 4756
8286 9165
8738 5804
2085 6064
9765 9759
9561 3975
5707 2371
8585 584
6314 1740
8310 4927
8267 358
8317 2032
6017 8653
180 6669
5773 4877
2778 8423
5691 9402
3983 4931
2664 9753
2357 5780
2409 2819
2062 2003
7830 5940
1265 5550
3313 6596
741 3591
2256 8420
4686 8993
6767 1448
8866 2834
7320 9128
2177 5772
5785 295
461 400
5827 3819
8876 3921
2835 7273
295 5108
7146 6661
1303 5062
1865 7160
7645 9907
2911 1044
9855 3231
3966 7416
9653 9712
5488 1743
3224 9775
4976 9352
4708 4508
4072 2182
5447 3421
7604 7601
2738 4633
9372 7502
7752 4601
4216 9330
9126 3298
2318 6667
6398 727
8504 8363
7594 810
5079 753
734 6906
9608 6815
7822 5431
7001 7810
3109 7734
3050 6069
8407 5283
7426 1488
3757 310
872 9749
8976 4266
780 6375
1543 8131
1055 7776
3904 179
4851 3665
4980 4776
5263 4546
9678 7638
107 1313
6566 6570
7713 8070
4336 1571
5718 119
562 8959
8754 321
522 2414
4480 9257
7734 9870
8217 7889
6826 6832
9630 5987
6167 944
1805 5351
5962 9521
6226 5509
8848 3110
9068 1998
356 3321
5163 2651
8376 4055
6316 2169
3392 3110
5982 8424
3045 4764
8717 6713
6183 4056
4724 3139
4245 7378
29 275
9798 7049
5303 8144
8268 5655
372 8205
8794 6621
7516 239
616 3764
6323 9437
2015 6482
8951 8471
9587 4765
1626 4961
9524 3411
9926 7380
5615 8982
324 1196
9925 8398
8666 6173
8025 8314
7394 2015
9710 9470
3674 385
7291 3065
3863 9164
7238 7846
1692 5955
5165 8380
3359 3221
7194 5885
5914 2973
87 5316
7801 9023
7561 1214
161 8749
560 4974
1733 6071
5956 6589
90 6070
9784 9496
663 2492
4811 2570
8939 2660
5811 93
965 9819
3616 4868
9470 7079
7209 1459
5645 6400
8002 398
9940 4760
3237 2777
1022 2843
7235 2363
116 5702
1873 3300
3306 5231
862 5463
6556 3685
4988 4650
387 5669
6836 5787
7357 9801
7735 9291
1898 2235
6374 7131
2350 4965
4200 7444
287 5128
5865 7782
2436 5063
7538 659
2826 2826
1941 4754
8068 8013
1021 510
7644 945
106 3261
4485 7658
4220 9872
1748 5040
7203 8164
4630 4167
1218 2593
9378 493
2665 8734
4635 7945
5236 3558
1830 6184
1892 6578
5655 8894
4327 6849
7016 5156
8402 484
3829 5945
5328 1246
2667 5922
772 5814
987 6815
6534 4157
4560 7012
6430 7818
1216 8353
1303 3521
9942 3925
4103 375
9781 9780
9711 8948
7405 6684
1943 3637
4164 8637
9677 7533
4436 325
3738 3824
4859 8325
3488 4903
7787 6860
3302 7911
2908 1953
7710 374
2181 4320
6587 1053
566 4704
7037 8030
9563 4546
3154 4233
7352 9388
4981 4281
5489 4661
4124 7592
6797 4991
6746 1244
8055 1743
1256 2028
2811 5982
3312 4269
6186 3085
1964 5627
3740 4876
593 8109
91 3298
3284 9322
6051 7169
6347 71
728 208
3757 9385
8968 3188
5729 1215
9844 6033
8018 2890
9083 7496
436 8637
6702 1837
1732 6783
4002 5719
7823 3805
1792 4586
1037 8388
5751 5889
5227 4249
5153 4246
3724 7306
1417 6269
2721 4962
3625 6509
1818 667
2784 8760
2359 6353
6733 1232
8633 9138
9145 2439
2040 6961
4256 8432
1324 6294
6371 923
361 5688
9594 7126
2081 8950
1908 28
263 1605
5264 5509
5462 7716
5730 5467
3937 8007
8579 3270
5774 6992
9688 4060
2039 639
3538 5224
6433 436
7524 5652
6036 2007
5134 5227
816 6078
9757 8549
8730 8516
5130 8515
4095 506
1059 4268
7014 6598
484 4686
9489 6263
8970 9630
7792 6526
1052 6991
5373 5173
3238 9139
3597 1433
3882 6318
7670 8439
166 2864
6090 3644
9485 7098
8939 7964
7440 767
3939 265
8343 9355
2054 8071
7406 2430
3088 688
7413 3809
2077 2931
326 6205
8118 4587
4845 1997
5875 5098
1002 8952
8175 3247
6264 2686
8730 5076
5006 214
1725 1521
1588 1361
3835 1459
6144 540
779 9257
6894 8737
4587 239
3553 716
8216 3784
7797 6490
2513 493
8159 8215
1175 2026
2043 5922
2963 9228
6737 1990
317 5890
6258 6651
5259 7575
7801 7082
8116 9313
2273 760
914 9
4958 5884
4770 4567
3994 4386
1851 8253
6109 1676
4306 8862
6133 2903
7481 9371
1201 687
3309 3460
5086 9308
8339 4988
1516 2575
6072 8427
1883 5962
8537 9343
7143 2130
1123 6858
9995 5726
1092 6627
6821 311
8916 9886
8805 4162
11 3382
6204 964
1573 7599
7779 186
7597 9404
8104 7160
2840 6812
3204 7815
494 7892
6021 7584
3751 7795
5777 9627
2953 285
4370 4466
5532 7401
7847 6096
8435 3742
4817 8362
8262 923
8918 4572
5524 133
7504 3586
6015 6613
2613 4871
9454 4756
9305 4068
9797 3456
2787 4505
3770 2787
3150 3891
5296 7088
7807 7400
1303 5226
4327 4321
9209 3086
3545 5501
5998 1663
12 7882
889 2675
3872 9725
2288 2586
8332 6252
6383 9487
6627 7838
2111 8455
6118 896
2229 3849
5891 7475
7229 8605
9318 1668
2129 1719
8126 8076
7911 9596
8570 6411
9406 4200
9614 6196
6390 5725
2699 8743
3183 5780
3407 1537
5756 846
6911 4754
6482 2553
597 9663
3062 9004
8299 4932
6375 335
3320 51
9011 131
8711 3146
9188 8862
3163 1728
9737 5348
5905 1188
4227 2568
1239 6168
8208 7588
3940 681
3083 1054
1986 498
4352 2625
4552 8509
270 5449
6798 9739
1056 9707
4690 5121
6407 4661
4704 3109
1999 5338
4001 5086
9964 4999
2855 6860
1743 2961
8790 4136
2317 2594
5288 4894
9822 1124
841 9502
5895 8418
984 9231
9625 2396
8453 3170
6677 4225
8087 4833
4928 8868
6997 7156
4009 8133
4570 1370
8492 5959
3026 8259
9972 5127
6868 9687
1907 1202
737 9769
9630 7301
6489 7332
7364 8057
7708 3184
882 3762
7303 7691
8241 9329
4031 6717
2388 5696
1175 7615
6249 3492
3247 9973
9168 2724
5777 3049
3784 6700
1816 2610
6503 4867
7558 9686
3066 3036
7465 329
1761 6031
3855 7921
6903 1071
7402 4932
6208 3136
3466 9940
6692 2470
1124 8013
1306 9057
9529 6891
1162 7295
7148 6906
6515 1
9538 6040
8517 6626
6666 98
12 1941
1965 6299
1119 6104
3960 8431
6393 1624
5446 5366
8511 9808
7268 9934
1688 7270
2934 7867
1963 7949
2688 814
1652 8987
7632 6265
3660 8285
7147 4365
8850 2939
600 5663
6493 1144
276 7067
6356 5338
9811 9561
5374 5016
9208 6276
7474 4773
2575 5846
8895 3669
9427 9134
5176 4480
997 7876
4453 3172
1308 8302
1778 7567
1287 3783
5974 789
5612 8277
5067 350
1302 7114
9548 947
1759 5476
8341 9902
1555 4531
999 2540
8739 2702
964 565
3196 4002
1894 2701
2683 9210
9312 6422
4464 381
3405 4884
9179 4667
4312 1625
6359 6353
5722 7926
6378 4892
5631 5699
7550 3584
1592 5502
8237 1793
4196 3744
287 3923
8094 4208
2688 2292
1928 7633
5254 40
4090 4508
1771 9280
3354 492
5375 3713
4989 1777
387 800
9728 5467
8120 1728
2677 8709
7049 8308
7596 1516
8179 1136
4563 7013
8550 8669
8009 1093
3677 9306
1320 4026
6492 1015
7190 9445
4691 8869
2465 4395
6444 3533
6305 1856
3472 1697
1560 2703
593 5952
1760 3607
523 4083
2304 9292
8790 2761
3344 3288
2190 7644
1550 2585
9643 1344
4233 7018
6999 4731
7152 964
9531 1979
1045 836
1041 7061
3417 1155
5068 3548
4900 8328
7315 8484
2043 7403
9985 7371
3170 4781
1581 3262
4412 7265
1201 4215
1394 7670
637 9108
5377 5946
5267 7652
3672 142
5518 6401
5092 4449
7689 8106
9735 2740
7551 1970
6412 9211
2421 4448
1342 2095
5589 2732
8922 2287
7242 3930
9907 9837
9409 5795
3211 4914
2590 1453
291 4154
1028 1417
2594 5689
31 9545
4484 9443
8445 1430
6122 5686
2543 1955
6875 3553
1822 5052
2570 5976
259 5045
7366 9947
996 3838
8627 5166
7747 6753
3150 9906
9949 1809
4333 2505
3502 4076
2294 551
2765 5913
2497 9080
848 2641
8209 7143
2172 8233
6117 3990
5355 6378
2363 809
83 5776
5154 423
2202 8611
9071 1846
8807 6300
899 7378
2487 1759
4295 6334
7832 9846
5193 8136
7420 3503
4389 9856
7779 7820
5682 2217
3354 1805
5697 101
549 4482
2134 4463
4384 3719
6575 6308
1850 6040
725 1704
4821 4561
978 4695
4496 8336
8405 5533
1194 5392
6409 7592
6386 4013
2125 9569
8970 1173
8004 1176
5503 7156
4111 6812
2763 9743
9059 3963
8090 5569
9201 4263
451 6503
3372 259
2673 2324
7898 4292
5699 3874
2131 9770
1086 4918
7267 4839
822 9639
922 1789
5345 6394
6272 3680
2391 6605
4981 5045
7142 5244
9319 2509
7619 9566
5469 786
6691 8047
15 9459
3166 6096
9350 2748
3017 1993
6695 9143
7133 3685
8182 57
1236 5208
4852 802
2361 4332
5557 7090
9852 9522
2009 8584
6001 2008
7578 2035
1123 1736
6818 8154
9878 4208
2354 8485
6852 6138
3054 8196
5613 7237
3197 2212
2020 1686
5896 9356
2128 6961
9079 2422
7547 3635
8408 5460
9435 4090
7874 5244
2364 1401
3440 1968
8660 9771
8389 4933
3182 2847
2162 1960
973 710
6457 8549
8623 5632
4056 8833
112 1363
212 4745
7452 2262
6817 961
4170 7113
1586 1607
5393 4181
5285 2778
5773 4830
8701 1307
65 8547
3486 4909
2074 6895
6150 9827
1499 9591
7687 2739
6369 5313
2843 3747
5610 1393
1593 2305
3014 8881
7972 1
8352 3729
5915 7726
8462 6429
1573 2699
1343 5770
2001 9629
9465 5673
3400 4372
4030 5554
2161 6575
3597 586
8992 1189
7484 8718
4883 7758
6952 5788
7883 3684
928 6003
3536 8550
2933 9668
148 6761
6280 5587
7619 3488
5600 6146
6348 3705
1979 5779
7815 8680
7544 8927
6792 8310
2963 9988
6793 9937
4697 5323
1962 6681
2869 937
8643 4801
2610 5902
5089 3950
1121 1448
2736 8953
8470 729
7679 598
2826 6422
8252 6383
1354 4835
1976 7261
5677 8031
7564 1753
4052 2474
4017 2887
9207 2320
6469 8121
9282 8014
7941 285
1696 294
1538 2468
1866 5628
2440 7108
537 9806
1025 9395
7932 5997
9713 1040
1087 4838
5225 3048
8402 4375
96 8894
3326 1231
736 8878
8642 6920
58 3750
3856 9300
4607 8395
1930 5766
5238 8866
6866 796
947 1610
4537 9706
6648 3725
7353 4926
7876 8468
2456 6431
1000 8887
5333 5902
7774 7387
2394 2399
1091 7695
2239 6033
3150 8491
2380 8178
1027 5857
6959 787
8878 5053
6514 1861
9361 8889
7670 9442
4063 5775
8219 6949
1539 1950
1860 9932
2201 6449
8083 9093
6833 4208
847 7063
8127 8218
2922 509
3296 7430
7746 5649
2973 2738
7475 5054
4659 697
2145 6008
2272 180
2610 5834
1887 1614
7565 7503
3356 3886
9179 9377
5401 5284
1674 4341
8913 5061
1140 9928
4929 2457
6684 5790
7121 7539
5235 5916
7781 9087
7523 229
6983 8997
8447 4093
2492 2893
9304 6007
3642 1341
1801 8295
1282 468
9407 3942
3974 9718
9395 7759
6534 3516
868 975
7368 7703
7921 9128
5874 1659
7796 2090
6790 9886
7878 8257
6489 5810
3327 7119
1166 1048
3926 8455
7483 7435
5161 2725
1502 56
9595 668
1301 685
470 9352
2007 439
3167 1795
7519 7997
2215 4974
8222 6931
5462 953
126 1637
5064 2272
6383 4770
5697 293
3432 503
1273 292
6954 7627
5060 3259
6890 6974
3849 3163
5958 1951
5957 7849
3633 2114
2146 8341
6534 2242
2092 419
2037 9457
1546 8926
2431 8893
7620 3597
5331 4508
1133 7892
2828 513
5970 1980
8106 5340
4392 7852
2106 2850
8216 8347
1620 7887
1233 6266
3417 3759
1253 6472
2383 3935
4051 6033
4909 4358
3199 5281
6850 1483
6763 1637
6056 7398
6592 9881
8601 7173
8387 8205
9334 6406
3692 5730
2203 588
9702 4588
1858 102
2872 3414
5098 8599
970 4616
8928 4273
2171 4369
441 1843
7107 5652
6481 4634
1962 3364
6301 5922
6101 5958
2166 8697
3082 9505
8192 4690
6467 2409
772 6281
960 1664
2386 9971
1972 4960
6777 8300
4382 8590
8269 384
9924 3095
5805 3130
4481 9889
1229 2306
4029 8252
6058 7130
1810 4952
1573 1967
8711 5010
6818 1633
9522 4930
9154 67
3332 1944
1433 7626
9503 2367
2964 9729
1153 3459
7702 7358
5797 1454
554 6132
2604 966
4775 4185
4053 855
2435 986
8929 9177
3286 9982
5868 1476
9778 3206
6097 7380
6270 3159
748 1549
1650 1893
5903 81
3911 7793
9413 2384
5450 9104
7236 2392
4241 2220
1520 7601
828 4214
7773 8901
2976 3956
8013 236
5330 6629
611 4426
2573 6583
8454 6421
5954 469
7475 7567
1462 2296
2985 782
7211 9395
3838 3969
2856 1807
4901 1728
3686 5047
5852 5742
4201 5060
6434 8821
2516 1305
2394 1271
2533 907
3525 5063
1809 8593
2616 4148
3498 9543
2110 7071
5716 5621
5309 8867
2118 4787
9684 7323
3499 7172
9699 2563
1726 3448
2673 23
1380 9520
7298 2079
2348 9085
8503 7188
3551 7317
2815 5482
6569 7501
6109 2406
7859 2440
360 5240
5527 1331
5790 4822
1381 8927
4208 5271
2010 7223
6579 3420
2213 5398
4343 7325
6580 6386
7636 2212
7491 5629
4899 6893
7669 8127
785 2604
7459 325
2057 2642
5568 6413
2470 1960
6835 7694
156 4452
938 4297
167 5522
2140 749
4360 9798
1100 7880
9384 9373
7434 1382
823 5829
1808 7878
9761 6768
6940 2635
4255 3105
5100 3438
5587 2501
6429 1682
7858 3485
6954 4740
3000 2769
2548 3932
1169 9064
3764 3210
1691 7023
99 2610
3892 1581
7182 8566
6767 4875
9575 2748
6130 5672
2605 4294
710 2145
6616 7129
2213 4192
6568 8475
1653 4757
1391 2252
7279 5722
9462 172
7861 1589
6341 7488
846 941
8901 2548
9964 2464
7233 4314
9321 9877
7669 6948
2501 9241
706 9291
8375 7052
2074 954
3481 902
3496 7025
5335 4533
2518 1569
6904 3373
310 9486
3532 4157
1673 6317
69 4185
1073 1271
8928 4347
6799 7398
2638 4663
1354 7935
9479 1990
812 5300
2385 4852
2590 5379
4351 9835
3647 9201
740 4188
1921 2781
1661 3262
9274 9036
6328 276
6007 4409
1652 5432
7894 827
9962 7855
6735 8733
9662 9119
6588 1195
2932 8384
8089 8768
3503 4355
7632 5905
7205 9236
4509 8977
4751 8297
7661 1794
6466 24
4140 412
9764 6734
5496 4796
5379 7238
5010 9066
5019 160
6982 4081
7920 5368
8685 9676
8224 1000
8413 2425
6894 7558
8022 6014
6251 6764
195 1683
202 8951
9796 585
5346 9982
9700 9585
5573 6099
9035 6710
5702 366
1231 4257
8301 9508
3489 9722
9844 6525
9151 6922
9023 5978
6364 6058
7045 6250
4871 4433
4893 8487
6193 7379
5896 1956
9713 8922
4127 3759
5339 6803
9139 5697
3705 9774
5412 1959
4038 7290
989 5424
9332 8667
113 9148
1479 8662
4878 5816
3713 4064
2111 2023
2320 3216
9466 1658
8247 8780
5675 7570
7826 118
9451 4850
8471 1452
6810 1811
31 8671
5257 962
3259 3504
4627 9747
1744 6289
54 1452
5407 6724
2305 5898
2566 4357
9246 9692
2328 496
8913 3006
2700 4713
3587 1441
2133 9178
7205 2344
6879 7951
2609 7463
9307 6021
3148 1893
1175 2756
3701 3144
386 9016
8234 6198
8959 4809
9249 2529
1010 9303
960 7916
3025 4292
5503 8543
3597 4545
5819 9241
5365 2368
7933 4142
5232 3376
8000 6451
6971 5969
3221 4663
3319 8081
4033 2124
3253 7411
9694 5429
6332 581
5902 2332
5902 8293
1307 2656
8316 9086
1127 6647
2886 4900
8663 8900
4590 8525
4696 2512
2549 5976
3284 5004
920 3875
7383 4636
6104 2883
6573 4027
8904 2637
9738 4951
859 3090
6560 6640
9505 3709
5692 3498
6909 3384
1308 6514
1466 5225
9158 9834
4276 1446
47 1062
3102 9634
1114 1696
8785 7991
5455 1071
8685 1792
4079 1487
1544 1149
5897 6891
8743 3767
2810 2791
8630 8844
7560 2313
4595 9019
9627 1643
5553 6986
8808 7180
1198 2113
1608 7627
8883 964
2241 6924
966 9980
3077 5081
7474 188
1034 8818
170 8250
7612 8030
9541 9062
814 1225
4005 3139
8217 1584
4738 1523
3430 6400
710 8584
8098 8231
3547 5168
5689 7267
7640 9802
2039 645
1218 3369
9825 365
8366 8816
7830 8895
6704 5595
8564 9050
3688 7020
3789 5808
40 3572
4299 4832
3624 4839
5090 672
8125 5676
6223 6433
1760 7546
2898 2836
6907 852
6354 3233
457 5568
3782 2109
9951 203
713 9238
501 3777
6756 5861
4479 3827
1132 5769
7132 6140
9475 3293
7450 2537
3158 8914
4013 9365
8577 1761
4321 8058
7261 2187
553 7212
8358 7896
1613 9573
4774 473
2046 6580
5244 8273
1310 1083
8564 3506
4964 879
1876 506
9797 5412
9934 932
946 4992
6814 6685
7066 9765
8493 2162
2710 8913
73 9524
543 1951
9157 7318
6539 1199
4626 5374
8155 8403
1622 2370
7684 6516
9189 6413
8449 1322
5338 9283
8817 3829
1338 177
6020 5094
6737 5404
9101 2513
2008 8645
4693 9815
8297 3873
6088 1132
701 2255
659 7478
3212 2442
6679 2250
3804 6984
7620 6998
5009 2292
4850 1082
6554 2372
966 5879
7937 170
139 9525
770 3749
9439 1382
5101 5621
7285 7281
1610 5775
6 2592
3208 1594
5482 7118
1054 2625
789 5241
9761 8842
2165 4834
1021 2853
6200 3595
2796 7476
4497 7005
3459 7902
183 3989
8925 689
3156 276
3922 4722
2823 7501
5324 737
301 1648
1649 8074
5709 9363
4033 2510
5719 8783
8424 9952
3231 8093
6420 615
2259 6325
6815 3521
6810 9855
683 1614
4929 1428
345 5886
6795 8578
3519 7985
9145 4525
2624 5449
7805 8038
4108 2780
7167 9676
1569 1747
694 7488
3173 5142
7953 2532
691 8063
8424 9818
9650 3149
5515 7327
9420 9026
9802 104
9882 3622
7167 4316
9893 4396
7795 5625
1499 7092
3603 5474
3817 8973
5823 6154
1727 9286
118 9840
2256 1149
2582 4289
813 9658
7790 6719
8033 9999
4470 879
1606 5624
4090 2091
1542 384
3668 7375
8852 7727
4389 1658
4380 9825
3996 8080
6108 2559
473 5163
8200 741
3238 8452
6139 7829
721 8985
7214 3198
6901 8542
7782 6283
906 192
5963 6946
113 2281
9414 8079
3128 2308
2375 7412
910 4807
4407 56
6332 454
5600 9549
7263 9134
1446 5805
3615 2694
8277 173
1626 1899
260 3292
5112 9719
6655 5175
1268 3919
8975 749
4174 3577
3351 1071
9226 9353
9121 6664
4156 4445
2860 1393
7216 908
3187 4990
8304 6086
1782 2486
810 9909
4379 5076
1712 3028
5271 1044
3685 3092
2321 4810
3280 2486
4981 7269
2593 1763
3060 7248
5023 3892
1638 8739
2578 8499
9251 1151
3530 6474
6420 7274
9818 6594
7534 2572
6650 6456
6443 2977
4491 6220
5015 7951
108 2910
5055 3318
9099 7559
4650 4898
8488 434
3682 9059
4522 4112
2638 2941
8334 4364
503 4150
3023 9735
2840 8456
351 160
1164 8361
6220 4845
9281 5248
8991 1202
1481 5585
2101 323
5383 4085
8308 1254
3002 8941
7710 3463
8557 2076
9069 6513
1952 3793
6702 3966
613 5876
1769 7658
7445 1833
9973 1643
9548 6096
6895 8549
4050 7731
2098 8103
8615 8309
3361 5374
1419 8037
8360 619
6765 6751
8069 8384
7153 2054
1830 7402
6877 7909
5811 6778
9730 9436
6781 2740
6899 4605
2947 8069
341 1531
6156 2963
9446 6669
571 5520
2164 4845
2324 7045
6206 870
7119 5749
3418 1269
1554 1959
8853 9245
268 8234
9009 642
7157 5820
6612 2474
8301 5482
7517 1431
5184 1513
4082 3528
6118 6551
9015 4656
6677 4891
2367 6396
8561 9385
1844 6229
6547 1569
9348 9163
3514 1131
1295 2918
8625 7266
4223 8466
721 4626
7712 4344
1501 4044
1864 2662
939 62
9992 5913
7618 7203
9858 6493
230 8756
8556 7082
1221 2084
8735 2466
7268 6651
882 6299
4035 6104
2598 8792
6047 183
515 7536
4699 2937
9472 9797
9086 1753
1853 9040
768 2357
6855 3985
2312 6318
9524 9623
2145 4594
6292 8633
9760 6955
9192 9005
9982 3944
9728 5470
3282 4417
6210 8814
4670 5710
7934 2395
4580 1061
9654 2128
5365 6201
8203 1960
9724 6812
5213 35
2461 6280
5488 7209
5286 8923
8534 2257
1072 5957
4146 3289
5374 3280
6113 5604
3884 8779
1267 299
885 6115
8926 5668
7843 3770
8329 4662
9189 6379
4889 7908
4848 9533
6988 605
2032 4855
1769 3328
2903 5429
2628 2625
6515 1317
4097 7022
3387 6238
7295 3013
2024 4123
1861 2472
3477 3729
8098 244
433 3999
6443 6109
5550 9087
5460 6113
6123 2299
258 4424
6099 9799
9413 3949
2455 1291
7470 9004
798 1271
3619 2227
1173 7051
9436 6558
3073 5016
9077 8993
2029 5471
773 9743
3161 6691
2708 7108
7427 1624
7653 79
8483 5532
5786 2503
3188 7310
6101 1266
7726 9691
9018 2078
9101 1357
6292 4053
9951 4893
5456 7240
5734 7128
7913 9333
2128 8339
6824 4635
5255 1763
5877 5710
176 9142
9704 835
1824 9882
9810 4712
5537 8448
4276 6038
3189 6003
7822 9393
8683 4278
8174 6709
1020 2782
6910 474
1485 227
8759 6386
847 8722
6544 418
776 8673
649 2309
136 7411
1879 4868
5652 4435
6257 6219
7484 6718
2874 3725
9280 6557
8069 9393
932 3740
503 7965
9022 749
6587 4126
3600 9028
8177 7780
6359 4002
9964 3348
8819 2136
7731 7590
4039 2118
5269 2102
4230 9294
8653 2662
9395 8440
5211 3660
9061 9715
7357 7368
6362 2316
8842 1880
3875 9404
2316 9396
8563 4953
4680 3059
2569 4601
5207 5508
6870 7108
7635 3613
9389 3420
9896 45
9193 1082
7859 3928
526 3214
52 78
7581 2900
9141 3465
2993 9682
1061 7097
9596 8792
9238 9720
1550 9491
9644 7541
5136 4211
2132 534
360 7652
1957 6961
1508 5127
3536 5542
7633 718
2683 6071
8543 6724
9649 1570
7551 4835
3529 8356
9426 7440
3678 5083
1174 1351
8225 9471
7134 4670
2302 9588
4740 7425
4818 8877
1652 4177
9341 5529
8957 2506
8232 9056
5310 1973
8667 2359
2955 672
3049 8400
5833 5684
2284 5037
9698 8714
8598 3691
539 1123
3165 7638
9116 5519
1766 348
9648 7035
1197 791
2365 172
9002 2636
6944 1009
6139 372
462 4899
5490 447
6996 2971
2807 8946
6039 1298
7845 7526
311 3790
6869 1213
6571 6515
5513 8038
3893 7550
4458 5502
8118 1989
3036 1272
7055 3427
6232 7330
8011 442
3311 4832
8545 1485
3199 1200
394 5188
6837 1113
9525 560
1742 5130
8469 8185
3444 1260
2431 2495
6281 4015
1481 3403
5692 9
7550 553
4959 5426
4512 1826
7691 8079
4914 7897
8849 3520
6612 7044
598 6066
4856 1017
8208 5561
8871 5832
9340 7750
6472 2050
5773 4095
8880 4447
5550 8583
7560 6202
1476 515
321 1189
9024 4086
6906 4839
5185 6953
1192 779
1981 1690
3764 1128
4861 1636
2160 9664
6404 3013
3578 3170
5733 8018
2684 1875
1810 9304
2160 5031
4969 2743
9819 9935
1959 825
8550 1973
6528 2419
7402 1858
6607 1810
6049 5497
586 3060
3471 7617
4796 2135
4319 647
2528 9696
5558 6056
9714 6351
7716 6811
9916 4706
1768 2801
891 4829
3873 3112
962 9898
8032 9233
7217 6280
7537 6508
1132 232
2301 706
2524 1679
5586 8971
1332 8591
329 7182
4820 81
2946 2914
8627 5628
8631 3869
7687 2346
4193 7109
9742 8575
8870 3222
629 8817
8771 8904
4546 6918
9278 7242
1995 7281
4197 6031
5625 1004
5124 328
8692 3649
375 2838
9352 6070
9687 5001
589 6578
2857 9979
836 7647
2996 453
8898 1181
8720 6746
1064 2003
1599 2887
887 4115
5156 7608
7541 162
4414 2363
5952 2001
8010 9722
4364 1390
9052 2417
8350 4749
3817 8056
8168 14
3327 9713
9969 9549
4007 1198
4809 5026
1067 1828
433 8601
4633 7790
5525 5066
1377 1019
6345 4397
8918 6444
178 7613
1380 9862
2433 5831
4263 1767
5740 5827
7009 8441
4404 6649
9985 7676
4253 3074
8945 8233
4962 7479
9910 5203
2292 1730
4218 2891
9805 7937
956 5725
8089 2240
1236 7615
6910 9509
4596 9558
6380 4710
3216 7940
7 3851
7982 6
8415 3942
8364 7597
1167 3316
277 7923
5937 7493
5366 5713
6595 6988
6442 5799
6967 5144
7237 5535
6254 116
2444 963
26 284
4441 6799
8038 9849
9269 8750
3086 2283
8187 966
2974 4338
6767 3396
1632 1785
654 8541
3239 5705
2213 1702
3300 8632
227 6588
4470 4664
9514 186
7228 2897
3285 502
1826 5628
3599 8996
2460 3902
1076 3075
7960 6752
3434 9639
1101 5208
261 3495
9564 9315
8969 5765
2423 8652
9152 1046
2192 6070
5231 4
7202 884
3912 2670
7291 9961
7453 9197
3320 1526
5226 1403
4378 5481
1622 95
480 11
1609 9746
341 743
9426 8705
2739 3531
6956 90
4126 2080
7489 5110
7006 9662
4768 2778
4207 8425
6603 1845
6438 8187
6245 6415
3010 1030
2316 1545
5158 4402
7273 5786
8114 1257
6304 6417
7639 6980
4627 1693
6356 6155
6654 8404
3310 6024
2058 4084
7740 2779
3945 4298
3852 4368
8005 6841
7291 4538
1793 4297
7176 8405
9153 3745
5741 7462
3917 2295
8644 70
7683 1490
9193 3433
7845 2547
7036 5161
5565 3574
3166 4054
1733 5509
3159 6863
3513 6402
8616 9302
4240 231
9271 5842
1064 642
7507 3655
6049 5334
5614 996
2408 2329
2211 5782
2000 446
6485 1736
8689 847
7767 7625
2474 1877
3777 7476
6795 3687
3228 347
5202 777
1323 1765
9588 6105
4214 1124
5926 6306
448 9860
5937 2532
107 6436
1286 6060
1025 2106
3578 2623
3633 4490
3776 7636
833 7103
9710 4722
7779 5115
5378 776
5499 2783
2152 5900
7967 5723
3622 8955
8149 2218
5281 3315
9829 8113
4876 8396
1293 2875
3366 3223
1565 4641
8494 7767
6647 9696
623 5206
5989 8008
8266 5284
9881 5566
6662 1658
1320 7395
7150 8976
896 5715
7537 6895
2985 3057
8336 5668
4021 5047
5875 701
2773 8718
3574 37
262 1506
6479 1625
797 1015
6794 3547
1967 7258
906 7561
7643 1301
781 5799
5716 4522
4662 6035
1481 4358
8327 4979
9901 9892
1167 9224
3132 5982
8700 9254
9914 4747
3053 4525
3131 660
5616 953
2044 3424
9014 4292
8359 3822
5746 8040
5081 7645
5019 7098
3842 4361
8863 9448
3886 9008
7190 8627
8813 3011
1932 3879
770 8394
6364 4996
4637 8028
4555 3613
9397 5435
2076 5727
6749 7917
1067 5742
9752 1814
8344 4135
8025 8314
2548 4152
2883 1860
24 3921
2348 9703
5092 6140
5303 7348
4955 3291
6671 4944
3327 3507
8074 7712
395 1758
614 4071
2475 2979
1919 681
3111 864
3269 7727
5265 3409
7443 4085
6061 9131
1400 6246
5560 1108
9950 5694
3363 3913
8631 7084
4672 7158
1661 6508
3691 1587
3351 8827
6987 574
4776 4335
9567 9642
6758 6538
4032 6624
9 2698
6151 5569
8277 4994
2632 1691
8072 8648
1311 9717
4900 5049
5109 8478
5578 9909
9564 2595
8665 868
9387 4036
7622 3924
521 8214
7427 1735
8359 1979
1029 7926
5081 3773
6948 5996
4371 5411
303 6454
9095 2326
1644 6248
6315 4093
3720 343
6299 1038
5079 8550
2072 2647
6470 9666
7602 1583
766 6758
4520 1115
7756 4977
9833 5045
6790 9929
8332 9326
5501 9320
343 2034
4629 6529
3608 720
7471 8379
2125 2914
2171 7610
9692 6429
5419 5241
9206 6464
2109 4268
3987 8338
4295 1721
5872 3959
8891 67
3669 2948
6413 5920
8602 700
3345 3689
7510 5679
2742 3713
6910 221
4803 4429
4085 2480
6036 3334
9101 4044
8886 416
8159 1984
3715 9746
8039 9156
1752 9152
6028 2225
6752 3473
1806 7339
540 3688
2957 6867
9544 9057
9482 7972
6357 5142
7361 9591
6397 4424
518 5317
6530 9959
6056 7903
1676 614
7400 2068
3671 2470
119 7073
3743 3393
7709 3675
5891 7396
1487 4432
7 3611
6352 6225
4177 5113
2535 1466
7197 7443
9070 6450
2814 4107
282 318
9863 2732
2425 60
5385 6148
2672 5863
283 4367
9637 2163
9666 9164
2735 3721
1812 6971
1250 6189
2850 8877
3481 3099
2453 9729
9283 9890
3533 1690
5332 6340
8599 635
4420 836
6444 5934
683 2418
2315 6994
1541 7158
2163 7481
8188 8506
4755 9109
9210 2727
971 1330
2784 3393
2386 7034
2568 1022
81 6846
134 4819
1094 3123
8132 5980
9642 9519
5547 7735
375 3002
7144 2587
1778 6036
8461 8833
4105 2346
6920 3528
5142 4718
7711 422
7494 9082
7963 8745
3137 6881
3364 8233
774 9258
5614 9093
1382 7535
7177 1724
9736 5968
1880 1593
3283 3037
7977 9832
8082 8478
6242 3877
1036 8316
8971 7671
3416 9109
1365 5524
7287 9895
7775 192
206 5191
4681 9287
4208 5480
4624 6457
5985 4185
7797 4630
6477 5082
7436 1639
6241 4921
3090 4226
5965 6280
9225 8828
6324 5575
531 8762
1653 8500
3515 6390
878 5162
6951 7578
7451 426
1368 1077
8018 939
8204 4350
3548 4058
919 5790
5970 6351
1073 4127
9770 9659
3157 5048
5824 7038
5649 68
5854 3053
324 886
4117 8742
3111 5191
4369 581
8528 9404
8517 4951
4420 7698
1934 8964
5798 3519
3072 9827
6619 8852
9862 3517
1837 1164
3766 8004
8490 519
1904 9076
5692 3556
3832 6611
9038 6261
1060 2746
4520 7579
6039 4167
7308 183
5001 9997
2174 2633
6204 967
8761 3699
7110 2154
3580 7368
4455 9235
7971 1840
4951 4371
7182 7573
1177 4484
9070 5504
2225 8929
9626 7128
5193 4160
3019 2702
1035 2447
1891 9485
9833 999
9800 5337
4118 7532
5634 61
5431 6017
3714 2652
3138 4080
6269 1981
1232 5818
4327 2880
782 9268
7320 2108
3005 9041
4075 4609
9537 8688
9430 4827
471 4558
451 1244
351 9739
5445 7848
3347 5353
3254 1584
9282 874
3331 9740
8890 8488
6942 8100
6272 2087
300 191
2877 2497
6521 1473
2624 419
5905 8150
6341 3741
1046 3935
7090 2036
2269 8827
8490 5709
311 2394
6261 1784
6042 4065
6406 2556
7818 9130
6728 7246
8257 6391
2037 7037
3204 5834
9191 610
6377 1498
5397 5364
5034 3557
3443 1750
916 4018
7368 3358
2374 2252
4512 2432
1871 2247
9905 3131
6406 3711
2122 8857
8366 9865
8136 6607
6606 6399
2179 1558
3327 6318
5944 6499
7883 6074
3562 5769
1851 3621
3442 9037
9977 7648
921 489
251 9242
8501 1518
514 6461
3846 4590
8178 5886
2357 3917
2447 2364
3556 2158
7350 3588
7712 321
4918 2483
9689 6946
1102 9456
9500 7053
2939 4371
740 4931
1451 6473
546 3875
5039 8402
7372 1861
9721 4992
2046 3156
9256 4446
5511 1692
607 5572
7556 3531
8430 7761
5572 6137
6395 3391
160 2928
7427 6851
4782 9501
3075 3615
7445 584
200 9805
3512 9340
