53
671
477
20
203
123
412
963
910
234
96
782
978
31
367
528
805
654
253
392
301
712
996
275
33
625
669
650
885
585
392
165
738
616
537
47
205
550
924
980
855
826
721
681
653
104
563
235
64
536
230
555
607
485
559
32
692
963
1
902
389
277
421
6
324
566
937
533
377
910
780
529
430
623
49
889
923
921
802
84
403
130
215
581
734
18
80
502
305
711
983
99
907
468
89
216
706
559
750
845
501
275
118
624
547
315
367
964
836
368
149
610
406
573
369
109
115
904
438
162
392
268
71
223
753
413
356
643
460
988
991
431
963
524
634
444
798
12
604
781
968
302
460
277
944
511
796
396
12
239
841
886
921
155
434
37
302
338
904
832
145
365
781
284
442
971
744
626
295
643
631
753
31
619
542
942
267
320
703
168
594
87
218
545
76
12
112
610
66
737
506
254
307
90
952
707
218
198
654
204
294
792
889
842
34
878
299
691
142
658
939
772
21
16
825
867
26
831
16
792
620
843
661
78
401
378
439
548
938
758
135
905
339
626
66
319
351
217
124
7
17
835
64
93
590
865
869
581
849
723
771
46
838
624
655
631
635
870
818
967
316
707
905
153
351
203
649
536
191
434
433
63
324
284
973
565
195
907
655
270
610
922
336
77
495
784
32
169
130
790
843
205
359
372
781
533
536
697
374
86
827
906
665
965
712
21
970
699
566
454
206
287
126
778
616
436
663
762
129
876
292
250
135
741
979
283
298
788
248
637
779
712
129
905
53
976
739
486
536
247
957
554
107
70
355
532
619
451
478
272
74
401
906
178
265
672
384
470
552
662
357
671
877
862
803
279
84
824
718
935
791
346
530
991
198
293
243
240
296
762
980
992
482
15
44
694
903
101
382
470
897
988
417
567
791
601
920
843
39
398
946
279
958
138
739
516
574
324
716
382
703
90
738
339
994
454
155
501
361
748
614
555
939
597
426
213
278
536
311
615
918
513
861
248
742
82
178
923
892
153
152
253
841
930
918
0
41
383
741
888
664
341
550
965
78
713
370
616
45
819
482
649
584
681
656
992
414
943
198
434
63
238
374
38
582
859
289
633
80
161
452
567
172
385
495
747
275
257
448
905
898
914
232
738
317
575
740
247
959
803
55
850
24
962
422
577
437
459
452
396
822
772
150
66
420
535
354
847
442
76
308
560
53
830
657
410
31
794
736
639
464
517
301
866
966
406
551
758
327
164
69
418
540
433
453
568
817
383
93
551
50
946
46
413
672
654
293
928
819
634
179
607
426
790
88
988
642
273
3
893
348
950
405
867
458
287
888
379
714
442
818
812
363
571
742
487
480
251
132
294
108
88
127
782
517
565
168
454
291
267
161
109
698
103
325
111
663
870
966
617
336
927
159
853
135
352
692
320
151
796
374
10
807
771
547
613
280
170
589
706
714
716
465
960
756
689
756
22
195
183
185
827
546
438
350
404
675
312
872
406
533
545
979
85
391
763
159
436
900
173
535
990
199
413
964
812
768
620
993
207
655
153
952
137
617
816
222
159
18
244
242
58
578
762
507
263
586
841
131
939
736
991
718
986
825
309
760
690
927
814
630
548
899
100
427
563
229
748
206
319
522
795
210
708
644
328
119
487
376
939
79
697
21
815
755
880
929
53
102
202
296
273
858
123
575
808
450
472
933
234
32
588
35
309
168
676
734
594
37
511
307
156
603
640
162
149
788
894
406
451
222
611
812
308
701
284
585
758
845
585
225
515
27
406
966
594
957
865
22
296
622
285
640
817
215
814
208
578
562
686
641
241
801
999
586
8
319
121
860
821
652
46
707
981
887
413
443
851
95
604
325
947
763
266
737
876
947
620
78
925
190
182
809
391
269
868
907
76
864
689
118
566
823
47
384
731
604
824
921
975
624
270
98
602
946
414
910
516
279
114
870
398
846
46
343
955
740
307
166
920
160
83
568
487
599
204
675
242
770
521
345
790
494
661
670
629
261
657
799
777
603
935
317
446
772
680
235
527
772
756
164
868
559
600
745
11
362
717
634
236
809
654
682
281
643
393
80
941
627
658
763
468
600
845
565
132
575
755
428
787
143
310
341
953
549
808
137
487
481
137
493
816
745
880
461
663
221
276
473
529
563
891
258
20
92
490
630
760
926
374
730
877
379
419
848
54
146
475
330
965
309
209
357
558
667
590
929
776
62
396
400
929
887
722
925
561
889
871
471
251
867
450
902
407
922
881
638
899
503
176
394
652
876
189
970
655
29
146
0
1000

