100
152 324
749 973
468 866
201 906
308 791
630 754
729 908
132 491
732 846
667 944
460 910
165 441
442 524
178 673
251 834
175 419
92 876
357 578
36 787
614 845
185 986
305 965
687 738
21 874
319 610
272 284
398 569
427 453
317 718
156 778
93 218
34 860
279 703
458 503
299 961
81 459
471 876
425 528
586 590
696 805
741 809
276 960
598 775
61 505
708 927
200 430
720 729
526 536
71 790
567 903
275 329
445 626
16 819
256 402
464 474
795 843
134 679
370 719
272 410
204 580
708 832
556 611
388 724
259 488
113 678
160 419
655 794
18 344
342 471
272 834
240 401
60 301
517 800
388 870
120 685
577 831
755 923
499 705
82 161
11 726
681 931
593 888
193 439
756 883
143 695
146 953
226 281
185 623
73 971
659 767
270 944
28 281
274 948
477 901
184 292
652 830
739 876
129 540
284 426
55 751
