100
624 918
418 830
128 645
82 211
63 570
104 265
823 963
406 973
460 892
366 385
74 317
245 913
362 684
334 525
311 355
23 573
177 672
639 865
106 578
32 317
249 592
369 969
153 898
325 785
733 930
193 335
5 522
375 895
347 602
213 389
179 554
17 168
76 873
640 669
49 977
496 565
83 370
34 205
378 986
1 947
7 651
105 617
549 887
20 482
188 521
107 578
39 633
738 795
506 868
80 943
204 725
117 281
93 623
67 734
123 486
11 693
758 869
536 980
142 911
78 369
134 783
748 834
418 680
218 461
116 252
595 939
55 61
238 560
128 495
485 865
625 831
172 597
163 531
613 844
701 707
177 368
94 761
387 698
63 74
223 259
613 675
564 884
88 781
69 950
356 777
919 945
247 348
110 840
186 563
435 456
778 805
11 487
443 969
513 652
29 850
284 483
593 884
252 516
642 912
89 552
