100
229 542
761 794
570 841
622 978
547 863
44 473
1 243
119 869
317 907
116 270
369 814
591 695
53 251
700 834
129 662
60 65
190 905
487 643
185 365
166 722
527 873
481 793
232 234
247 786
405 487
789 800
290 423
650 880
821 930
751 821
731 936
39 297
123 917
477 625
512 534
52 698
143 388
322 569
98 779
592 994
41 578
679 912
230 318
386 533
116 822
221 312
393 906
213 220
119 415
182 469
97 862
413 574
851 993
587 878
65 367
118 816
292 822
310 786
725 943
31 534
463 714
113 373
415 831
36 208
210 607
109 694
172 414
72 718
276 688
18 134
591 881
403 713
0 690
539 842
323 797
468 918
299 805
346 809
310 954
678 738
727 943
119 978
670 795
609 906
15 121
733 916
426 514
125 458
735 746
425 866
733 876
101 734
76 437
392 586
595 719
22 396
353 871
276 542
357 623
441 920
