100
166 835
104 757
12 37
32 874
524 662
682 984
39 662
766 833
175 922
174 847
422 554
477 937
744 818
335 876
947 969
108 546
633 708
334 422
623 792
16 411
462 497
592 617
315 567
246 709
241 881
266 386
324 575
385 405
257 295
113 430
693 907
577 909
170 961
314 581
92 975
608 832
693 917
103 439
180 210
40 183
149 432
207 252
87 573
47 290
456 710
517 864
179 747
630 702
733 963
284 995
991 998
31 545
363 609
440 689
8 247
543 620
776 825
36 640
307 975
693 990
144 294
479 912
413 982
854 955
98 168
449 623
283 774
875 905
424 880
172 782
557 931
208 253
217 470
70 234
893 939
567 659
505 849
231 994
546 845
98 253
272 779
355 392
503 559
268 742
253 886
547 888
606 679
77 141
284 929
298 394
688 947
190 980
709 905
272 520
340 409
309 761
113 859
36 832
604 802
288 794
