100
440 790
447 720
233 453
443 771
462 500
891 923
77 81
546 662
33 938
78 578
294 474
259 283
385 434
51 835
276 765
32 151
226 361
182 201
398 882
100 866
120 396
441 703
396 901
171 706
356 994
731 982
224 860
160 889
585 769
39 474
83 450
780 858
5 218
151 537
439 649
163 966
691 999
555 638
322 580
86 773
720 822
502 826
856 916
194 560
90 305
507 722
101 452
48 185
346 510
386 521
135 884
487 677
367 734
294 499
128 951
425 968
358 730
286 970
6 889
355 446
825 874
452 844
133 410
672 702
127 589
137 203
133 394
32 739
72 572
325 431
523 981
14 794
744 939
299 929
554 988
400 667
710 892
641 652
736 782
517 768
602 831
591 807
210 448
579 928
491 651
361 859
785 845
157 696
112 832
362 729
18 643
227 280
342 373
151 453
85 99
222 499
846 873
122 796
246 585
146 656
