100
177 873
9 363
364 415
384 701
328 485
30 550
27 769
22 260
281 938
65 347
509 787
113 514
429 562
501 502
481 644
23 513
179 238
54 414
54 469
560 766
19 870
444 990
124 784
479 679
164 673
46 374
158 717
663 892
84 804
49 778
534 622
360 378
583 701
174 375
354 747
55 867
869 873
633 661
64 181
167 784
415 767
542 698
35 145
236 464
35 180
603 858
635 671
173 326
421 875
120 871
226 480
99 458
539 980
40 862
714 913
294 918
366 380
190 453
28 611
417 463
261 946
144 421
408 901
217 866
766 916
40 480
135 706
137 961
4 534
761 863
15 500
155 218
428 585
726 784
719 965
400 894
255 514
406 600
330 606
445 796
199 488
414 750
348 708
34 803
495 984
506 904
905 956
775 835
532 901
674 684
613 733
340 391
430 685
409 737
226 581
831 991
714 837
302 316
209 572
568 715
