100
497 782
326 352
560 856
598 795
128 462
239 489
446 808
156 735
296 795
251 796
527 561
859 895
252 996
3 676
463 788
510 556
756 907
261 832
76 313
249 615
494 954
556 814
458 865
140 941
149 917
642 839
2 59
397 419
131 558
387 411
379 710
231 658
630 744
130 212
211 911
189 422
174 647
195 750
176 582
758 830
337 806
116 993
488 804
368 749
630 814
63 246
25 908
655 743
35 422
222 397
363 373
231 915
297 351
715 851
595 855
99 343
320 913
520 703
60 193
125 873
626 841
684 787
51 406
35 613
407 724
795 994
65 247
295 795
152 726
511 915
65 466
23 696
55 955
13 421
580 815
500 635
298 719
22 54
221 842
216 960
251 817
164 650
56 597
640 694
222 260
478 718
85 121
394 851
81 84
115 643
569 804
430 637
63 153
343 616
326 916
730 744
474 825
62 606
553 654
67 935
