100
506 601
315 980
46 968
224 524
929 137
541 125
87 668
464 972
179 307
937 55
302 673
982 791
673 822
232 222
459 537
522 594
238 56
569 878
667 273
138 852
248 452
436 153
118 85
272 613
292 253
697 169
927 184
397 230
79 527
415 476
371 76
700 727
160 217
967 651
373 16
859 680
163 323
474 550
861 146
567 547
591 936
343 391
811 110
386 171
179 18
439 542
208 873
520 195
444 956
51 72
347 360
46 666
82 961
764 269
145 574
622 650
51 926
130 703
398 559
383 550
957 453
197 148
272 117
742 182
819 224
349 903
117 808
872 552
155 704
620 85
743 581
6 34
861 61
405 982
993 101
918 101
906 420
417 927
394 937
765 201
618 285
272 159
307 793
675 43
511 681
996 6
298 771
911 265
829 601
527 112
650 264
666 271
485 121
77 29
262 14
865 709
425 181
420 405
466 74
952 61
