100
125 203
258 932
259 886
146 425
423 793
56 586
538 812
650 924
558 655
14 424
649 761
436 532
70 608
170 302
160 299
961 987
286 453
341 464
744 754
365 398
512 867
187 408
15 333
573 711
841 941
303 947
144 894
677 904
348 678
347 734
307 337
458 681
42 484
274 723
174 983
412 682
350 603
753 944
29 583
573 743
789 955
406 485
60 753
541 938
537 954
405 984
363 949
125 439
334 723
58 274
591 862
343 784
227 968
137 202
62 760
718 773
469 910
69 120
113 497
300 894
428 808
729 916
401 970
398 524
225 321
386 850
99 998
557 851
380 731
504 592
149 410
33 597
166 170
727 913
607 641
333 871
704 728
391 467
706 902
151 915
33 671
521 709
746 902
459 700
869 952
75 97
384 398
91 544
56 329
501 924
494 589
48 579
784 933
81 233
568 733
266 960
74 803
89 329
61 521
215 988
