10 10
965189790 226155383 300097375 816800415 600521763 571475521 90787296 107386688 644454237 39719407 
513858683 482345166 107287757 46749856 443241874 977845721 636652342 797466440 480254903 494643984 
582671086 133897225 963578910 557195779 470029574 983086571 88599946 918217370 297070482 491698841 
637042562 411628109 621605698 541113433 784489002 303152471 728040879 709240907 994442893 1546023 
348902600 956993767 636160439 591885831 496097304 520247933 481277803 423884339 440112181 239095874 
611399588 988686053 157312739 189969935 844991758 223638135 33380242 324805360 197987874 307129322 
903248063 573496715 492542522 749298045 51445958 123721442 204217718 895811426 730734214 201317649 
281924008 506634760 232744252 654975648 354649677 979960841 736427197 5587284 830965747 307497226 
568912970 907275079 920007198 359560047 63663240 858552055 487865818 538459158 813619497 47387226 
738460528 676714887 271265424 447762217 904030744 498581020 882378664 35923181 794369928 335061409 
