1000 1
857457078 
745163299 
437648555 
548683427 
682095519 
736457845 
165113927 
889398288 
106345409 
50253658 
720221424 
308534850 
723014412 
281887594 
514677541 
709728102 
484523164 
491520008 
864884061 
414964227 
535688258 
335247323 
324731886 
639623493 
654713913 
646992472 
583010364 
908649395 
156447675 
125558493 
908416247 
553604578 
260206797 
985087126 
209433514 
351681352 
557087398 
575990404 
999481916 
213818828 
870825136 
264311838 
408765513 
116605737 
810430123 
899557799 
277699938 
182777946 
930750549 
162772808 
686441698 
688348289 
456601389 
173195197 
753798900 
121197189 
477629124 
847182111 
963078765 
132765035 
378536929 
431092513 
81718094 
143946332 
103818151 
247242600 
84990544 
159331653 
582714413 
935857218 
606453595 
395728490 
758745869 
548896489 
665522637 
645669287 
721859159 
761736671 
906190239 
491876979 
154821154 
102295160 
20417136 
880821974 
682445374 
997454323 
219778938 
458800887 
920181595 
365824273 
876470683 
577178906 
186168473 
983075333 
555620899 
855933529 
936067640 
770621941 
758691926 
816904621 
258290229 
756647482 
996462983 
132592197 
155400771 
554877146 
95324628 
321309902 
815096274 
69503997 
127586618 
987072408 
285429352 
436768640 
612670312 
934162837 
239013099 
717254835 
258535605 
410269430 
555628856 
705195108 
808172080 
564157102 
877838489 
783803354 
564672498 
559444286 
43066887 
686896360 
422397725 
813758674 
324583032 
7190072 
636242999 
715572461 
329886804 
108147158 
480119689 
735563064 
885214342 
736003951 
336877139 
846308545 
18655830 
244780601 
513761021 
588189053 
249719980 
612438011 
861631949 
575551635 
518604017 
127013958 
577507493 
984842665 
27565268 
40024707 
239285622 
892387742 
661742484 
84476082 
342528871 
375615518 
45761129 
546122193 
618985959 
70301565 
315757860 
421626143 
697241397 
484690890 
955893507 
597251436 
105328555 
139192341 
434743354 
388370671 
133542269 
837651112 
448985678 
421699937 
885141810 
147047195 
75028478 
325527708 
692626986 
609923067 
180814973 
567109074 
88205708 
527557390 
381031583 
484328940 
869312222 
646759581 
852101899 
135470784 
536507780 
872440575 
819755152 
882274977 
779712919 
86794797 
130960106 
677115669 
293999968 
232755168 
163805300 
31042226 
821206744 
683120024 
76453929 
989559764 
746912211 
800845133 
368156241 
835739108 
685483202 
355972650 
122956229 
656180028 
848374128 
260065803 
710517562 
205189469 
451326560 
540384575 
391571648 
71514436 
401049103 
186886729 
392094454 
782405168 
701211802 
387683443 
350422703 
386457166 
292210819 
83898503 
762383376 
270985586 
208590946 
483201742 
632434713 
167370798 
144186229 
83824807 
328956263 
383807118 
289844289 
995380729 
265337326 
293494580 
692829932 
671827197 
998610114 
797612955 
266840693 
254852114 
463138983 
770683239 
866971940 
685670496 
169741713 
792517160 
230513049 
26145734 
89742163 
169527013 
453764719 
166087895 
827860560 
7923989 
924152952 
263593579 
210519662 
137920676 
651396732 
374753693 
89741800 
438514473 
248011687 
158963373 
634516686 
12772259 
259966367 
262775258 
514668667 
125637245 
447609231 
5265340 
418839418 
907139179 
537302131 
529109112 
357847692 
942987054 
909035759 
506185730 
185166831 
753863713 
76702108 
237590757 
462572000 
69831365 
428793663 
826866836 
315724167 
873427256 
608295944 
473804935 
20439783 
958072741 
214311207 
639563017 
447554395 
378409177 
696604376 
711275556 
785973152 
963068913 
924705714 
800395561 
473668997 
983173878 
976961120 
772801566 
735955949 
158599765 
273409612 
267810757 
512036381 
500661649 
109723544 
487422588 
57108636 
317200932 
344023746 
613868473 
872264425 
705256355 
710370974 
898708729 
141697850 
502283610 
851889803 
356029640 
243620343 
93925347 
949433706 
439575016 
165894384 
458468633 
524501353 
368845705 
526392914 
491910908 
392678629 
726857499 
43610560 
687151 
210922310 
232572310 
247468301 
3987867 
833123498 
691776588 
196611406 
971494259 
797689735 
480425314 
405903916 
891699131 
342929921 
901040455 
95929804 
488469702 
819794648 
522851915 
107952270 
548101587 
399650726 
524470682 
632429656 
535453776 
745103408 
968102098 
179266356 
684264305 
908627260 
507688290 
191537512 
683494141 
719288243 
633398250 
527840875 
824159592 
52991165 
623805851 
230229959 
258599860 
915041941 
311382577 
226438962 
313858588 
32789288 
584771029 
285618706 
305250237 
809065003 
402895361 
393156848 
562995734 
134991457 
640433765 
193745700 
57145077 
201425440 
386047812 
921872137 
467277106 
901906893 
196816268 
442934387 
419427873 
946940122 
791713531 
814953547 
342824753 
486201686 
339585289 
213115062 
260084089 
936382367 
478569839 
540655291 
200086560 
912209453 
513612801 
978685295 
454078614 
684470594 
543388047 
892080774 
767958416 
789660957 
476268717 
644473470 
76520872 
598907649 
372577262 
935553287 
602123796 
417073769 
944298947 
373437857 
763349706 
332033370 
954755322 
331649324 
400126643 
432397702 
533508719 
297860742 
457360752 
475076022 
696929107 
245526133 
748720629 
246450738 
629337420 
564844377 
77812445 
17310755 
55284362 
141446840 
504500705 
543427919 
815190532 
685504361 
169990299 
267650567 
723688404 
103379191 
835871563 
951631585 
92747615 
968711323 
330569636 
569160017 
650018673 
574496545 
776682689 
161903390 
480635541 
455739030 
80257292 
657189601 
166117826 
550731251 
203803500 
744813376 
972135008 
531099155 
144651716 
808372996 
384380504 
898358708 
790173217 
250871370 
895098499 
508624815 
307992980 
986614888 
303974081 
343751741 
708755982 
488004244 
513664901 
821036117 
606788605 
495114539 
964505425 
137357321 
629914495 
821103101 
922999635 
940641332 
586581161 
790284678 
398916895 
307975960 
17382679 
724352015 
947573076 
845625011 
593271815 
806433073 
141252117 
5321818 
111012149 
747039646 
221175120 
315159203 
520424771 
877089688 
22033192 
723834578 
867379636 
781483389 
991893463 
158290316 
546290316 
285092744 
31231471 
778308127 
96733714 
89777666 
610495049 
939822563 
614453549 
473874601 
994310518 
228359412 
41300193 
553259535 
47637414 
703585148 
926344058 
568099849 
488517643 
29697351 
929883830 
613062306 
707297331 
837366522 
998224194 
934924789 
759458211 
296468404 
576981346 
490322006 
912706018 
807066089 
426613844 
866807368 
258273879 
333367987 
331681018 
256601032 
536326807 
552607767 
867084951 
459937172 
511608083 
778487938 
229785104 
710368719 
729662963 
440458812 
863985037 
431201293 
703641702 
190714045 
626621952 
81697190 
149561009 
382095844 
731449959 
490120891 
925847078 
942939538 
924671419 
305374393 
808753099 
77019186 
948293202 
510401315 
758985889 
991803639 
913570864 
311792679 
714927615 
63941723 
322759829 
236810922 
233373250 
32301275 
982796992 
947362932 
77978398 
585787005 
247949373 
35229631 
991162954 
332376207 
941284482 
528826248 
254591278 
754950682 
27137506 
849382937 
724299159 
356316522 
386450644 
973950086 
230150783 
20019665 
91761129 
899890399 
537494559 
415454665 
186462946 
323390156 
891446122 
390346942 
690261960 
125385417 
206394771 
389871535 
947750746 
904850943 
423256020 
713343879 
864190772 
667531978 
753027329 
424662404 
562640411 
488824390 
574569840 
824536424 
692668141 
656563583 
762174104 
742078378 
794153096 
816314849 
361162205 
898313135 
712998798 
997060550 
235369314 
734243780 
653038835 
783946086 
869805201 
704630802 
318064241 
905587253 
815397028 
723043084 
195041357 
61950199 
245789509 
864005463 
467815981 
850328656 
54381513 
706292098 
320270530 
868138142 
922296242 
560130799 
178757229 
27438067 
914739944 
451949149 
563131988 
617953300 
503635094 
527502045 
588759615 
81549309 
694180384 
859700914 
862647748 
421985019 
502883149 
885661918 
859531213 
414976945 
95758024 
987650417 
538028879 
792770601 
987087849 
946946392 
816493090 
80329765 
409309474 
720749601 
44736236 
635148585 
738980231 
819785432 
126948985 
504541241 
907885782 
309174468 
82674221 
343593686 
284242216 
918876919 
605600607 
237701388 
78741265 
709523606 
533322304 
827435694 
719248893 
295686788 
215742948 
116037309 
947821641 
270020163 
988541101 
811543958 
659604540 
791553177 
856841931 
959345990 
357675303 
522278665 
171547566 
596447884 
788117462 
509093522 
616346179 
607701381 
921299130 
193597812 
365622054 
881978267 
794939433 
313036078 
154533946 
14550947 
543950183 
547633653 
575563633 
721253314 
706313098 
279902422 
613137494 
324722079 
322267410 
24285473 
147569215 
13208400 
341567985 
728235552 
2338675 
892644415 
422104785 
495842419 
864992101 
286418052 
704696610 
369822422 
800880807 
346568100 
563695631 
929788611 
503067215 
11021360 
625027782 
383189527 
62177017 
460865011 
922163529 
422047785 
349809178 
878293748 
149297189 
911298909 
416508993 
601025084 
478234765 
552130054 
617909063 
545299281 
223619449 
685017633 
612311536 
803758901 
823770831 
546719749 
433318372 
182891276 
939939892 
138629678 
878414297 
388816116 
340150988 
132747236 
741198521 
905750135 
23698262 
576738191 
271949501 
114669418 
669781963 
958541997 
342641050 
91854783 
779841752 
252027003 
487008971 
458319502 
758621775 
912196429 
533216225 
993145528 
384596204 
517204504 
117781477 
335570405 
820599073 
604953566 
165698578 
133932313 
730528861 
220586606 
701596954 
476096750 
2387775 
500101806 
409315058 
990367225 
718468130 
174751845 
5800198 
722300658 
448666453 
58718576 
542904064 
618125326 
587944306 
435187601 
148250497 
321848955 
747877532 
214119374 
595435134 
856507475 
389927830 
945572737 
495249564 
56168781 
705560240 
692459747 
471000389 
279185325 
470135272 
219466036 
247444722 
588085238 
83693554 
693376866 
881672779 
796708295 
149690073 
921608757 
36614390 
94040330 
786233169 
164750081 
444019261 
449816626 
633138646 
737102213 
210212796 
182449999 
259610631 
679514532 
708837463 
101711323 
572398998 
518418992 
33810940 
992739162 
960706248 
599829527 
99444474 
857424513 
44562871 
116622884 
294865130 
314715484 
792858911 
339382471 
192564882 
112425094 
700695540 
308867276 
919214056 
438065106 
98613438 
653806058 
49077402 
451211880 
203147404 
788982333 
116860672 
671767074 
628631797 
644479791 
570457128 
315798378 
524572479 
845220057 
123493297 
974908220 
226127247 
523862188 
258529336 
648565447 
207552903 
76628759 
931353599 
728391946 
494637710 
374051433 
740669820 
926461511 
212865411 
352642563 
886305700 
298554809 
267512565 
579407659 
926232753 
748288929 
640734641 
310185280 
290934380 
643610050 
208963788 
238647695 
409512257 
875965670 
793635337 
448896437 
993829028 
339259472 
932742535 
725228967 
40178025 
661418395 
72373141 
316963449 
255910825 
174438701 
657869776 
809435965 
745677215 
223701421 
676477839 
